2.15,4.09,8.78, -0.23,0.13,-0.01
2.04,3.62,8.64, -0.15,0.27,-0.10
1.73,3.46,8.65, 0.01,0.37,-0.22
1.44,3.75,8.84, 0.20,0.42,-0.33
1.10,4.22,8.92, 0.23,0.51,-0.32
0.96,4.64,9.19, 0.45,0.43,-0.26
0.80,5.75,9.15, 0.64,0.43,-0.02
0.57,6.19,9.13, 0.52,0.38,0.36
0.80,5.40,9.01, 0.67,0.21,0.69
0.97,4.86,8.43, 0.43,0.10,0.65
0.79,4.76,8.19, 0.51,-0.00,0.58
1.44,5.16,7.98, 0.57,-0.02,0.39
1.78,5.67,7.86, 0.60,0.14,0.26
1.44,6.53,8.17, 0.35,0.17,0.15
1.34,6.36,7.85, 0.08,0.15,0.09
1.12,5.86,7.18, 0.18,0.18,-0.00
1.27,5.69,6.79, 0.74,0.10,-0.07
1.50,5.84,6.25, 0.87,0.27,-0.17
1.41,5.76,7.43, 0.38,0.55,-0.40
0.56,5.86,7.69, 0.14,0.38,-0.60
-0.03,6.44,7.49, 0.14,0.14,-0.71
-0.19,6.58,6.49, 0.44,0.03,-0.82
-0.09,7.88,6.67, 0.68,0.10,-0.87
-0.23,8.05,7.18, 0.40,0.20,-0.71
-0.47,7.25,6.85, 0.34,0.04,-0.54
-0.66,7.08,6.55, 0.17,0.21,-0.65
-1.33,7.35,7.02, 0.19,0.50,-0.84
-1.85,7.74,7.26, 0.25,0.51,-0.92
-1.92,6.81,6.22, 0.46,0.45,-0.91
-2.62,7.02,5.88, 0.54,0.46,-1.07
-2.85,8.26,6.43, 0.43,0.51,-1.10
-2.66,7.68,6.19, 0.28,0.51,-0.91
-2.98,6.84,5.94, 0.16,0.42,-0.86
-3.52,7.61,5.48, 0.24,0.46,-1.01
-3.24,7.18,5.01, 0.71,0.50,-0.91
-3.37,6.83,5.29, 0.63,0.62,-0.75
-4.15,6.83,5.27, -0.04,0.68,-0.79
-4.02,5.77,4.47, 0.07,0.54,-0.82
-4.13,5.08,3.99, 0.48,0.67,-0.89
-5.24,5.71,3.77, 0.31,0.85,-1.16
-5.95,5.88,3.93, 0.00,0.75,-1.29
-6.12,5.96,3.85, -0.22,0.68,-1.51
-6.67,5.86,3.39, -0.35,0.93,-1.58
-7.43,5.49,3.51, -0.43,1.18,-1.63
-8.02,5.10,3.68, -0.44,1.23,-1.70
-8.42,5.61,4.16, -0.35,1.01,-1.40
-8.72,4.92,3.83, -0.11,0.40,-0.85
-7.99,3.94,2.89, 0.43,-0.09,-0.66
-7.41,3.53,2.40, 0.66,-0.05,-0.62
-7.05,3.45,2.39, 0.60,0.15,-0.46
-7.38,2.88,2.23, 0.61,0.33,-0.21
-7.48,2.53,2.33, 0.67,0.45,-0.22
-7.60,3.21,2.62, 0.55,0.52,-0.26
-7.60,4.25,3.08, -0.04,0.59,-0.11
-7.48,3.47,2.82, -0.32,0.70,0.05
-8.15,3.41,3.39, -0.13,0.77,0.18
-8.63,4.12,3.96, -0.35,0.66,0.26
-9.11,3.60,3.64, -0.51,0.34,0.37
-10.07,3.75,3.89, -0.81,-0.23,0.41
-10.07,3.75,2.60, -1.14,-0.57,0.38
-8.86,3.58,0.40, -0.59,-0.49,0.52
-8.82,4.14,0.54, -0.01,-0.15,0.87
-9.12,4.20,0.85, -0.05,0.02,0.88
-9.70,4.12,1.08, -0.45,0.11,0.55
-9.62,4.42,0.57, -0.84,0.14,0.01
-9.73,5.07,0.50, -0.67,0.28,-0.29
-9.57,6.27,1.09, -0.56,0.44,-0.35
-9.04,6.18,1.24, -0.47,0.38,-0.06
-8.07,4.96,0.86, -0.10,0.41,0.20
-7.43,4.17,0.74, 0.24,0.54,0.25
-7.27,4.26,1.29, 0.08,0.64,0.12
-7.49,4.52,1.62, -0.48,0.56,-0.14
-7.67,4.51,1.32, -0.73,0.38,-0.25
-7.68,4.60,1.00, -0.47,0.22,-0.20
-7.69,4.46,1.03, -0.22,0.24,-0.12
-7.83,4.16,0.99, 0.07,0.10,-0.11
-8.21,4.73,1.23, -0.09,0.06,-0.22
-8.77,4.59,1.05, -0.43,0.12,-0.35
-9.10,5.61,1.63, -0.53,-0.08,-0.34
-9.24,5.63,1.65, -0.52,-0.38,-0.07
-8.61,4.89,0.98, -0.17,-0.53,0.12
-7.92,4.17,0.65, 0.11,-0.33,0.26
-8.06,3.72,1.02, 0.11,-0.11,0.24
-8.50,3.81,1.12, -0.20,-0.08,0.03
-8.80,4.07,1.13, -0.80,-0.02,-0.22
-8.43,4.02,0.75, -1.28,0.14,-0.31
-8.29,3.45,0.61, -1.40,0.42,-0.28
-8.72,2.97,1.13, -1.39,0.69,-0.25
-8.96,2.64,1.72, -1.45,0.81,-0.37
-8.53,2.71,1.20, -1.25,0.61,-0.44
-8.88,2.76,1.34, -0.99,0.54,-0.33
-9.94,2.09,1.35, -0.93,0.50,-0.35
-10.11,2.41,0.82, -0.81,0.31,-0.49
-9.06,3.22,0.32, -0.99,0.43,-0.39
-9.90,2.28,0.90, -1.06,0.65,-0.01
-10.97,0.96,1.67, -0.87,0.53,0.07
-10.45,1.40,1.47, -0.72,0.21,-0.14
-9.39,1.98,1.41, -0.98,0.16,-0.14
-9.10,1.06,1.33, -1.20,0.21,-0.00
-8.96,0.59,1.66, -1.15,0.27,-0.12
-8.77,0.92,1.71, -1.14,0.21,-0.29
-8.69,1.01,1.34, -1.01,0.04,-0.24
-8.83,0.87,1.37, -0.94,0.04,-0.22
-9.32,0.72,1.57, -0.88,0.03,-0.25
-9.42,0.76,1.01, -0.42,-0.34,-0.16
-8.85,1.30,0.24, -0.05,-0.51,0.03
-8.53,1.29,-0.12, -0.07,-0.27,0.20
-8.45,0.87,0.05, -0.17,0.06,0.26
-8.45,0.95,0.64, -0.21,0.24,0.20
-8.56,1.11,0.76, -0.28,0.24,0.22
-8.88,1.28,1.12, -0.30,0.31,0.25
-8.86,1.63,1.02, -0.37,0.34,0.30
-9.12,1.93,1.22, -0.38,0.37,0.36
-9.32,1.98,1.43, -0.37,0.36,0.47
-9.65,1.82,1.25, -0.34,0.27,0.53
-10.35,1.06,0.67, 0.07,0.14,0.49
-10.19,2.42,0.60, -0.00,0.20,0.24
-10.09,2.98,0.74, -0.53,0.28,0.20
-9.97,1.99,0.60, -0.34,0.04,0.41
-9.28,1.53,0.22, 0.25,-0.12,0.49
-9.26,1.87,0.36, 0.41,-0.15,0.38
-9.50,2.26,0.62, -0.05,-0.13,0.11
-9.64,2.55,0.38, -0.40,-0.19,-0.14
-9.44,2.85,0.06, -0.33,-0.27,-0.21
-9.12,2.95,0.20, -0.13,-0.16,-0.11
-8.95,2.61,0.24, 0.05,-0.11,-0.07
-8.80,2.66,0.46, 0.04,-0.02,-0.14
-9.05,2.72,0.77, -0.10,-0.03,-0.21
-9.26,2.53,0.66, -0.05,-0.23,-0.23
-9.30,2.57,0.35, 0.09,-0.35,-0.24
-9.51,2.50,0.30, 0.24,-0.38,-0.21
-9.50,2.43,0.26, 0.32,-0.44,-0.19
-9.41,2.43,0.33, 0.27,-0.37,-0.19
-9.07,2.66,0.72, -0.02,-0.14,-0.20
-8.92,2.48,1.42, -0.29,0.08,-0.12
-9.08,2.11,2.04, -0.30,0.11,-0.01
-9.34,2.08,2.60, -0.27,0.09,0.01
-9.56,1.93,2.58, -0.16,-0.10,0.05
-9.49,2.26,2.22, -0.01,-0.26,0.15
-9.12,2.29,1.91, -0.06,-0.21,0.32
-8.84,1.71,1.69, 0.04,-0.14,0.46
-8.67,1.58,1.81, 0.07,-0.07,0.45
-8.44,1.62,1.64, -0.04,-0.04,0.41
-8.51,1.43,1.40, -0.05,0.03,0.39
-8.74,1.62,1.53, -0.10,0.17,0.29
-8.81,1.89,1.52, -0.23,0.25,0.22
-8.65,1.70,1.39, -0.17,0.27,0.27
-8.60,1.56,1.52, -0.07,0.33,0.27
-8.99,1.33,1.99, -0.04,0.35,0.19
-9.13,1.35,1.96, 0.22,0.21,0.11
-9.22,1.87,1.95, 0.37,0.14,0.07
-9.32,2.10,2.11, 0.32,0.05,0.08
-9.20,1.98,1.86, 0.30,-0.04,0.08
-9.25,2.30,1.88, 0.43,-0.11,0.08
-9.47,2.44,1.97, 0.56,-0.25,0.09
-9.64,2.56,1.57, 0.67,-0.28,0.04
-9.51,3.07,1.38, 0.64,-0.14,-0.12
-8.99,3.55,1.24, 0.58,0.03,-0.10
-9.13,3.52,1.42, 0.67,-0.01,0.02
-9.45,3.35,1.49, 0.67,-0.11,0.20
-9.46,2.92,1.15, 0.65,-0.26,0.25
-9.87,2.38,0.81, 0.87,-0.44,0.25
-10.10,2.52,0.61, 1.04,-0.60,0.14
-9.62,2.91,0.23, 1.12,-0.75,0.07
-8.88,2.83,-0.35, 1.48,-0.81,0.18
-8.58,2.84,-0.36, 1.78,-0.78,0.28
-8.67,2.68,-0.28, 1.69,-0.73,0.20
-8.77,2.45,-0.42, 1.53,-0.72,0.02
-8.81,2.45,-0.55, 1.55,-0.71,-0.17
-8.98,2.89,-0.55, 1.54,-0.72,-0.34
-8.97,3.07,-0.72, 1.52,-0.74,-0.45
-9.09,2.98,-0.84, 1.66,-0.74,-0.52
-9.43,3.43,-0.61, 1.65,-0.67,-0.66
-9.83,3.73,-0.25, 1.41,-0.62,-0.78
-10.05,3.50,-0.29, 1.48,-0.71,-0.79
-10.58,2.89,-0.52, 2.01,-0.91,-0.67
-10.82,2.81,-0.94, 2.60,-1.15,-0.63
-9.98,3.64,-1.47, 2.73,-1.19,-0.70
-8.94,4.05,-1.48, 2.42,-0.94,-0.66
-8.53,3.92,-0.85, 1.83,-0.54,-0.55
-8.50,3.10,-0.17, 1.29,-0.30,-0.52
-8.70,2.27,0.17, 1.20,-0.24,-0.49
-8.92,2.15,0.53, 1.36,-0.28,-0.52
-8.60,2.78,0.71, 1.29,-0.36,-0.55
-8.34,2.93,0.76, 1.03,-0.29,-0.52
-8.36,3.20,1.27, 0.85,-0.14,-0.51
-8.70,3.59,1.97, 0.75,-0.11,-0.45
-8.87,3.74,2.19, 0.80,-0.19,-0.35
-8.80,3.92,2.04, 0.97,-0.27,-0.20
-8.65,3.97,1.87, 1.04,-0.25,-0.01
-8.67,3.68,2.00, 0.92,-0.10,0.14
-8.54,3.09,2.09, 0.79,-0.02,0.25
-8.41,2.67,1.98, 0.71,-0.02,0.31
-8.39,2.39,1.87, 0.54,0.05,0.30
-7.90,2.72,1.02, 0.11,0.14,0.14
-8.57,2.55,2.12, -0.14,0.35,0.07
-9.01,2.92,2.34, -0.35,0.35,0.02
-8.93,3.14,2.26, -0.41,0.25,0.09
-8.70,3.10,2.06, -0.22,0.11,0.19
-8.61,3.40,1.76, -0.08,0.06,0.33
-8.84,3.45,1.54, -0.17,0.03,0.38
-9.03,3.68,1.32, -0.42,0.11,0.37
-9.37,3.63,1.11, -0.55,0.13,0.44
-9.86,3.26,0.80, -0.50,0.16,0.55
-9.59,3.25,1.02, -0.48,0.25,0.57
-9.09,3.00,1.19, -0.58,0.35,0.52
-9.00,2.56,1.29, -0.44,0.18,0.46
-9.13,2.45,1.05, -0.28,-0.07,0.29
-9.42,2.51,0.59, -0.24,-0.19,0.03
-9.25,3.09,0.20, -0.13,-0.19,-0.20
-8.86,4.09,-0.03, -0.10,-0.14,-0.36
-8.42,4.74,-0.04, -0.21,-0.06,-0.27
-8.33,4.43,-0.03, -0.32,0.02,-0.03
-8.62,3.67,0.04, -0.31,0.07,0.06
-8.97,3.53,0.32, -0.29,0.10,-0.00
-8.96,3.66,0.42, -0.23,0.01,-0.04
-8.90,3.77,0.21, -0.16,-0.07,-0.03
-9.11,3.82,0.19, -0.05,-0.01,-0.05
-8.87,4.65,0.60, -0.31,0.12,-0.10
-9.07,4.32,0.89, -0.63,0.17,-0.06
-10.29,3.56,1.65, -0.57,-0.00,-0.11
-10.38,3.11,0.70, -0.41,-0.07,-0.16
-9.07,4.20,0.41, -0.53,0.05,-0.34
-8.07,4.35,0.45, -0.58,0.31,-0.06
-8.27,4.04,1.47, -0.90,0.43,0.14
-8.18,3.40,1.69, -1.59,0.41,0.10
-8.06,2.41,1.42, -1.51,0.38,0.08
-8.19,2.74,1.32, -0.83,0.19,0.14
-8.56,3.53,0.99, -0.69,-0.09,0.22
-8.82,3.54,0.08, -0.95,-0.08,0.22
-8.61,3.76,-0.28, -1.32,0.38,0.19
-8.50,3.55,-0.01, -1.52,0.79,0.26
-8.47,3.47,0.50, -1.56,0.85,0.36
-8.39,2.90,0.44, -1.62,0.77,0.43
-8.44,2.49,-0.01, -1.48,0.72,0.39
-8.36,3.26,-0.54, -1.57,0.74,0.26
-8.74,3.31,-0.57, -1.84,0.90,0.31
-9.20,2.70,-0.84, -1.61,0.91,0.40
-9.23,2.50,-0.92, -1.34,0.85,0.43
-9.29,2.10,-1.00, -1.09,0.90,0.37
-9.38,2.43,-0.85, -1.11,0.92,0.15
-9.60,2.56,-0.88, -1.40,0.91,-0.02
-9.17,2.35,-1.23, -1.38,0.82,-0.15
-9.18,2.61,-1.10, -1.31,0.83,-0.30
-9.48,3.09,-0.53, -1.50,0.79,-0.52
-9.62,3.98,-0.51, -1.92,0.57,-0.70
-9.73,3.97,-0.74, -2.00,0.42,-0.65
-9.83,4.01,-0.94, -1.70,0.25,-0.45
-10.01,3.70,-0.99, -1.40,0.17,-0.19
-9.77,3.51,-0.91, -1.19,0.18,-0.07
-9.51,3.55,-0.59, -1.26,0.22,-0.03
-9.57,3.57,-0.11, -1.41,0.20,-0.03
-9.50,3.67,0.14, -1.56,0.11,-0.02
-9.56,3.47,0.24, -1.38,-0.11,0.09
-9.46,3.49,0.22, -1.08,-0.32,0.24
-9.27,3.13,-0.06, -0.67,-0.52,0.43
-9.30,2.92,-0.03, -0.34,-0.58,0.54
-9.55,2.62,-0.07, -0.16,-0.65,0.56
-9.66,2.45,-0.00, -0.01,-0.70,0.52
-9.78,2.29,-0.21, 0.08,-0.70,0.46
-9.57,2.24,-0.35, 0.20,-0.63,0.35
-8.33,3.45,0.10, -0.03,-0.31,0.22
-7.79,3.76,0.50, -0.32,-0.06,0.35
-8.33,3.28,1.33, -0.44,0.01,0.62
-8.69,2.31,1.74, -0.48,0.05,0.73
-8.55,2.06,2.06, -0.14,0.10,0.63
-8.51,3.06,2.78, 0.06,0.14,0.53
-8.83,3.86,3.67, -0.10,0.12,0.43
-8.77,4.11,3.93, -0.25,-0.00,0.41
-8.48,4.51,3.78, -0.07,-0.12,0.48
-8.26,5.34,4.09, -0.09,-0.12,0.57
-7.98,5.37,4.07, -0.29,-0.19,0.62
-7.76,5.35,3.75, -0.42,-0.29,0.59
-7.76,5.56,3.68, -0.58,-0.28,0.56
-7.87,5.52,3.34, -0.43,-0.42,0.67
-7.68,5.39,2.86, -0.19,-0.55,0.77
-7.54,5.09,2.53, -0.18,-0.47,0.81
-7.51,4.88,2.72, -0.22,-0.39,0.78
-7.23,4.98,2.82, -0.19,-0.50,0.78
-6.68,5.19,2.85, -0.22,-0.35,0.79
-6.31,6.01,3.45, -0.31,-0.10,0.83
-6.73,7.39,4.36, -0.38,-0.26,0.85
-6.54,9.40,4.52, -0.62,-0.20,0.81
-6.36,11.49,5.19, -0.30,0.02,1.08
-6.60,11.27,6.19, 0.12,-0.16,1.85
-7.21,10.50,5.37, 0.25,-0.55,1.94
-5.97,13.23,6.10, -0.06,-0.65,1.89
-4.05,14.22,5.93, -0.96,-1.03,2.23
-4.53,13.67,4.98, -1.08,-1.85,2.70
-5.21,11.19,1.64, -1.15,-2.47,2.93
-3.11,7.51,-2.75, -1.30,-1.50,3.33
-3.09,0.68,-5.96, -1.46,0.61,3.17
-3.54,-4.78,-4.16, -0.77,1.96,2.08
-3.94,-8.05,-1.14, -1.41,2.71,0.56
-5.34,-10.36,3.66, -1.66,3.13,-1.32
-6.50,-6.79,11.36, -1.81,2.57,-2.60
-8.57,-3.11,17.75, -1.38,2.13,-3.50
-12.01,4.11,26.17, -1.16,1.01,-3.98
-13.37,12.33,26.39, -0.45,-1.12,-3.92
-12.25,20.53,21.02, 0.28,-2.64,-3.05
-8.68,21.08,15.86, 0.52,-3.94,-1.58
-5.29,16.77,10.14, -0.42,-4.30,-0.53
-3.33,12.17,4.40, -0.17,-4.16,0.16
-2.93,11.49,1.59, 0.18,-4.23,0.73
-1.71,9.84,-2.16, -0.46,-3.65,1.07
-0.79,7.58,-4.19, -0.24,-2.71,2.02
-1.23,5.27,-3.02, -0.04,-1.70,2.53
-1.51,2.02,-3.51, 0.14,-0.84,3.07
-1.83,-0.13,-3.51, 0.27,0.17,3.28
-1.95,-2.50,-2.89, -0.18,0.91,3.25
-0.90,-7.00,-2.87, 0.26,1.86,2.96
-1.57,-10.44,2.70, 1.04,3.23,2.38
-2.01,-12.61,12.01, 0.42,3.36,0.63
-1.45,-14.30,19.94, -0.01,2.89,-0.49
-2.23,-10.89,21.29, 1.24,1.81,-1.98
-2.08,1.58,23.43, 1.46,0.43,-2.63
-2.52,7.74,21.71, -0.22,-0.51,-2.70
-1.24,8.44,15.95, 0.23,-1.25,-2.09
0.15,7.33,11.08, 0.30,-1.42,-1.41
1.09,5.83,7.74, 0.09,-1.42,-0.86
2.00,4.60,5.50, 0.23,-1.29,-0.44
3.11,3.74,4.82, 0.35,-0.84,-0.14
2.98,3.33,4.66, 0.68,-0.26,0.05
2.03,3.48,5.42, 0.98,0.23,0.09
2.39,3.81,7.05, 0.58,0.45,0.08
2.18,3.21,8.61, 0.27,0.35,0.07
2.67,3.36,9.42, 0.29,0.31,0.12
2.41,3.43,10.16, 0.42,0.27,0.20
1.90,3.92,9.88, 0.45,0.14,0.22
1.34,4.04,8.30, 0.32,0.20,0.47
0.50,2.92,5.92, 0.33,0.59,0.69
-0.73,1.81,3.96, 0.90,0.96,0.75
-0.14,1.93,3.63, 1.46,1.10,0.61
-0.18,1.97,3.56, 1.58,1.41,0.16
-0.09,2.49,3.47, 1.80,1.61,-0.33
-0.74,3.66,3.83, 1.83,2.05,-0.83
-2.39,4.51,5.28, 1.74,2.20,-1.27
-4.45,5.37,5.26, 2.08,1.77,-1.65
-4.81,6.38,4.47, 2.10,1.45,-2.08
-5.90,6.53,4.56, 1.76,1.56,-2.23
-7.41,6.45,4.58, 1.78,1.42,-2.44
-8.99,7.17,4.99, 1.67,1.31,-2.77
-10.21,7.72,4.86, 1.70,1.00,-2.88
-11.37,9.31,4.92, 1.18,0.55,-2.93
-11.25,9.53,5.15, 0.57,0.82,-2.84
-11.20,8.52,5.37, 0.67,0.81,-2.30
-10.93,8.26,5.02, 0.62,0.37,-2.01
-10.08,8.56,4.50, -0.07,0.22,-1.75
-9.31,7.07,3.87, -0.51,0.36,-1.28
-9.05,5.73,3.63, -0.02,0.29,-0.78
-8.54,5.49,3.39, 0.08,0.16,-0.53
-8.24,4.79,2.83, -0.26,0.25,-0.39
-8.16,4.21,2.42, -0.48,0.45,-0.34
-8.32,4.10,2.37, -0.49,0.50,-0.20
-8.60,3.95,2.32, -0.51,0.43,0.01
-8.77,3.71,1.95, -0.54,0.35,0.17
-8.87,3.44,1.52, -0.44,0.34,0.36
-9.33,3.16,1.34, -0.28,0.32,0.57
-10.30,2.87,1.39, -0.17,0.24,0.68
-10.14,3.07,1.24, -0.29,0.14,0.63
-9.67,3.01,1.04, -0.42,0.11,0.64
-10.12,2.54,0.95, -0.24,-0.03,0.74
-10.78,2.25,0.84, -0.03,-0.28,0.70
-10.63,2.28,0.28, 0.07,-0.49,0.57
-9.75,2.43,-0.32, 0.22,-0.52,0.48
-8.80,2.80,-0.45, 0.30,-0.36,0.44
-8.54,2.84,-0.05, 0.13,-0.14,0.41
-8.39,2.68,0.25, -0.02,-0.07,0.24
-8.25,2.57,0.27, 0.13,-0.05,0.14
-8.45,2.70,0.32, 0.66,-0.16,0.14
-8.66,2.94,0.31, 1.10,-0.38,0.18
-8.63,2.86,-0.14, 1.31,-0.60,0.17
-8.87,2.87,-0.68, 1.36,-0.68,0.00
-8.94,3.13,-0.65, 1.29,-0.52,-0.22
-9.26,3.51,-0.22, 1.03,-0.40,-0.44
-9.41,3.56,-0.00, 0.83,-0.48,-0.55
-9.59,3.38,0.11, 0.83,-0.57,-0.61
-9.92,3.19,0.29, 1.01,-0.63,-0.70
-9.99,3.32,0.28, 1.25,-0.80,-0.78
-9.58,3.58,-0.13, 1.45,-0.97,-0.78
-9.28,3.47,-0.74, 1.67,-1.00,-0.73
-8.58,4.05,-0.96, 1.56,-0.86,-0.69
-8.23,3.75,-0.76, 1.31,-0.55,-0.58
-8.24,3.30,-0.25, 1.16,-0.22,-0.48
-8.50,3.05,0.55, 0.89,-0.04,-0.46
-8.75,2.46,0.93, 0.86,-0.07,-0.42
-8.58,2.26,0.72, 1.24,-0.23,-0.38
-8.41,2.60,0.49, 1.60,-0.34,-0.29
-8.34,2.84,0.43, 1.56,-0.18,-0.29
-8.49,3.08,0.67, 1.34,0.01,-0.36
-8.84,3.19,1.03, 1.29,0.01,-0.36
-9.17,3.35,1.13, 1.39,-0.08,-0.29
-9.36,3.54,1.02, 1.43,-0.18,-0.22
-9.43,3.56,0.86, 1.40,-0.20,-0.14
-9.26,3.43,0.80, 1.45,-0.16,-0.06
-8.95,3.38,0.83, 1.53,-0.16,0.03
-8.78,3.41,0.93, 1.41,-0.18,0.03
-8.73,3.43,0.92, 1.11,-0.15,-0.02
-8.52,3.47,0.74, 0.93,-0.11,-0.02
-8.47,3.64,0.82, 0.87,-0.02,0.04
-8.86,3.87,1.04, 0.64,0.04,0.06
-9.45,3.64,0.97, 0.44,0.05,0.08
-9.43,3.78,1.06, 0.34,0.09,0.04
-9.09,3.88,1.02, 0.21,0.13,0.05
-9.31,3.46,0.94, 0.33,-0.01,0.22
-9.71,3.37,0.82, 0.35,-0.18,0.24
-9.46,3.25,0.20, 0.31,-0.26,0.22
-9.24,3.12,-0.64, 0.43,-0.24,0.26
-9.11,3.29,-0.20, 0.32,-0.12,0.23
-9.10,2.99,0.01, -0.03,-0.03,0.11
-9.16,2.71,0.05, -0.18,-0.01,-0.03
-9.25,2.90,0.16, -0.13,-0.06,-0.12
-9.03,3.27,0.06, -0.05,-0.16,-0.13
-8.82,3.25,-0.19, 0.14,-0.21,-0.03
-8.80,3.17,-0.15, 0.30,-0.22,0.02
-8.82,3.10,-0.06, 0.27,-0.22,-0.02
-8.87,3.14,-0.09, 0.21,-0.23,-0.10
-9.02,3.31,-0.16, 0.20,-0.24,-0.13
-9.15,3.48,-0.09, 0.14,-0.20,-0.15
-9.31,3.43,0.12, 0.17,-0.19,-0.12
-9.41,3.49,0.49, 0.14,-0.20,-0.10
-9.68,3.12,0.79, 0.08,-0.23,-0.10
-10.42,2.71,0.80, 0.25,-0.39,-0.15
-9.54,3.79,0.80, 0.18,-0.40,-0.24
-8.86,3.01,-1.16, 0.57,-0.36,0.02
-8.81,3.69,0.95, 0.63,-0.19,0.14
-9.14,4.10,1.78, -0.35,-0.12,-0.04
-8.52,3.19,1.32, -0.91,-0.11,-0.08
-8.18,2.77,1.12, -0.52,-0.09,0.06
-8.53,3.02,1.34, -0.36,-0.10,0.20
-8.85,2.77,1.16, -0.66,-0.05,0.19
-8.43,2.58,0.87, -0.77,0.10,0.14
-8.00,2.59,0.91, -0.77,0.27,0.19
-8.18,2.73,1.06, -0.90,0.31,0.19
-8.24,2.71,0.83, -1.25,0.37,0.13
-8.13,2.56,0.46, -1.40,0.50,0.10
-8.22,2.68,0.42, -1.32,0.61,0.16
-8.49,3.13,0.65, -1.49,0.69,0.18
-8.78,3.01,0.37, -1.75,0.65,0.20
-8.70,2.60,-0.16, -1.66,0.76,0.34
-9.05,2.52,-0.10, -1.49,0.80,0.47
-10.16,1.98,-0.01, -1.27,0.71,0.38
-10.39,2.34,-0.23, -1.16,0.74,0.23
-9.85,3.04,-0.49, -1.46,0.72,0.08
-9.39,2.81,-0.93, -1.31,0.60,0.16
-9.22,2.77,-1.08, -1.06,0.47,0.25
-9.63,2.23,-1.23, -0.90,0.40,0.17
-9.58,2.77,-1.58, -0.74,0.27,-0.02
-9.05,3.70,-1.73, -0.91,0.30,-0.07
-8.93,3.45,-1.58, -1.11,0.47,0.06
-9.30,3.08,-1.06, -1.19,0.51,0.06
-9.45,2.87,-0.78, -1.31,0.45,-0.00
-9.50,2.88,-0.52, -1.38,0.48,-0.10
-9.63,3.15,-0.18, -1.32,0.39,-0.14
-9.36,3.32,-0.28, -1.26,0.22,-0.09
-9.10,3.01,-0.46, -1.11,0.18,-0.03
-9.04,3.08,-0.24, -0.98,0.19,-0.05
-9.05,3.22,-0.18, -1.06,0.11,-0.09
-9.06,3.10,-0.22, -1.14,0.08,-0.14
-9.12,3.08,-0.08, -1.05,0.04,-0.16
-9.56,3.13,0.05, -0.97,-0.07,-0.14
-9.70,2.89,0.01, -0.94,-0.16,-0.14
-9.86,2.72,-0.25, -0.70,-0.28,-0.16
-8.84,3.83,-0.29, -0.73,-0.14,-0.19
-7.96,3.93,-0.28, -0.82,0.07,0.05
-8.31,3.12,0.56, -0.70,0.21,0.34
-9.17,2.40,1.18, -0.83,0.22,0.34
-9.39,1.95,0.98, -0.80,0.09,0.18
-9.11,2.56,0.77, -0.73,0.04,0.14
-9.13,2.39,0.57, -0.83,0.12,0.21
-9.14,2.12,0.66, -0.90,0.28,0.21
-9.05,2.06,0.93, -0.96,0.37,0.19
-8.98,2.99,1.90, -0.97,0.39,0.10
-8.71,1.80,1.11, -0.99,0.42,0.22
-8.65,1.98,1.17, -1.05,0.43,0.15
-8.77,1.94,1.16, -1.05,0.45,0.09
-8.66,1.91,1.18, -1.00,0.51,0.08
-8.65,2.09,1.39, -0.86,0.41,0.05
-8.91,2.35,1.26, -0.71,0.26,0.10
-8.88,2.75,0.87, -0.61,0.16,0.18
-8.69,3.08,0.43, -0.48,0.14,0.33
-9.76,2.41,0.15, -0.19,0.16,0.54
-10.41,2.52,0.56, -0.04,0.25,0.43
-9.63,3.11,0.79, -0.37,0.29,0.26
-9.59,2.31,0.37, -0.06,0.02,0.40
-10.22,2.49,0.18, 0.25,-0.18,0.32
-9.88,3.12,-0.36, -0.03,-0.21,0.14
-9.28,3.11,-0.85, -0.08,-0.10,0.14
-9.09,2.95,-0.44, 0.13,0.02,0.27
-9.10,2.76,0.06, 0.22,-0.02,0.28
-9.08,2.54,0.10, 0.40,-0.21,0.29
-9.13,2.40,-0.18, 0.69,-0.41,0.28
-9.10,2.47,-0.58, 0.92,-0.54,0.22
-9.04,2.55,-0.83, 1.07,-0.55,0.15
-9.34,2.56,-0.81, 1.23,-0.56,0.07
-9.48,2.79,-0.52, 1.20,-0.62,-0.04
-9.38,2.64,-0.47, 1.19,-0.69,-0.12
-9.66,2.65,-0.17, 1.34,-0.80,-0.18
-10.05,2.94,0.01, 1.32,-0.98,-0.29
-10.01,3.10,-0.21, 1.30,-1.15,-0.35
-9.52,3.02,-0.82, 1.65,-1.26,-0.25
-9.14,3.25,-0.74, 1.97,-1.14,-0.14
-9.73,3.04,-0.47, 2.04,-1.05,-0.14
-9.56,4.35,-0.16, 1.76,-0.98,-0.30
-8.51,5.38,-0.03, 1.33,-0.76,-0.19
-7.95,4.78,0.90, 1.43,-0.43,0.11
-8.18,4.92,2.48, 1.19,-0.27,0.10
-8.25,5.26,3.12, 0.63,-0.56,-0.05
-7.66,5.28,2.53, 0.60,-1.00,0.04
-7.35,5.41,2.06, 0.86,-1.08,0.14
-7.29,5.59,1.86, 0.81,-0.91,0.17
-7.10,5.64,1.66, 0.63,-0.74,0.14
-6.95,5.67,1.83, 0.36,-0.46,0.11
-7.14,5.29,2.03, 0.17,-0.30,0.12
-7.15,5.16,2.07, 0.00,-0.26,0.11
-6.94,4.87,1.84, -0.16,-0.18,0.11
-6.66,4.59,1.57, -0.22,-0.02,0.12
-6.47,4.29,1.31, -0.20,0.16,0.15
-6.57,3.88,1.10, -0.26,0.38,0.14
-6.80,3.39,0.88, -0.31,0.56,0.04
-7.11,3.19,0.58, -0.39,0.71,-0.10
-8.54,2.54,0.09, -0.48,0.81,-0.27
-9.05,3.02,0.19, -0.71,1.04,-0.69
-8.66,3.76,0.40, -1.39,1.45,-1.03
-9.16,3.50,0.68, -1.42,1.38,-1.03
-9.54,3.66,0.76, -1.31,1.30,-0.98
-10.24,4.34,0.77, -1.64,1.22,-1.18
-10.33,5.38,0.98, -1.91,1.31,-1.26
-10.30,6.45,1.47, -1.73,1.15,-0.94
-10.37,7.17,1.94, -1.65,0.84,-0.52
-10.05,6.86,1.94, -1.74,0.63,-0.11
-10.06,6.33,2.16, -1.59,0.45,0.22
-10.57,6.74,2.41, -1.48,0.04,0.41
-10.87,7.08,1.95, -1.46,-0.47,0.70
-11.42,7.08,1.63, -1.17,-0.84,1.08
-12.06,7.92,1.47, -0.89,-1.17,1.39
-12.23,8.32,1.59, -1.28,-1.30,1.66
-12.31,7.32,1.22, -1.37,-1.48,1.96
-12.30,7.42,1.54, -1.28,-1.51,2.06
-11.76,7.13,2.52, -1.43,-1.30,2.09
-10.96,6.95,2.94, -1.37,-1.40,2.08
-10.11,7.56,3.45, -1.63,-1.51,1.99
-9.61,6.34,3.13, -1.64,-2.00,2.21
-8.56,6.11,1.68, -0.85,-2.62,2.33
-7.99,6.77,0.99, -0.29,-3.19,2.70
-7.21,5.18,-1.23, -0.81,-2.67,3.36
-5.94,-0.26,-2.43, -0.19,-1.39,3.66
-5.18,-6.90,-1.18, 0.96,0.14,3.05
-4.39,-9.56,2.72, 1.28,1.60,1.26
-4.86,-10.19,8.16, -0.02,2.82,-0.77
-8.55,-7.20,14.95, -0.96,2.80,-2.76
-11.45,-0.78,20.22, -0.99,1.03,-4.10
-14.94,6.98,20.52, -0.97,0.13,-5.17
-17.85,17.57,20.83, 0.82,-1.37,-4.46
-16.23,23.42,16.07, 1.93,-4.44,-2.65
-12.54,22.17,6.67, 2.38,-6.17,-1.03
-8.37,21.93,-0.20, 0.95,-5.76,0.24
-4.98,17.83,-4.44, 0.31,-4.32,1.91
-4.69,14.13,-5.48, 0.88,-3.15,3.14
-3.65,10.67,-6.06, -0.17,-1.97,3.81
-4.13,6.25,-6.14, -0.64,-1.03,4.06
-3.56,2.09,-6.54, -0.49,0.00,4.47
-3.51,-3.56,-5.39, 0.08,1.28,4.38
-1.98,-7.30,-2.14, 0.29,2.55,3.30
-0.48,-10.64,0.73, 0.52,2.80,2.53
-1.81,-10.91,4.35, 0.55,3.14,1.02
-2.04,-8.94,6.84, 0.08,2.66,-0.00
-3.28,-9.46,12.74, 0.83,3.66,-1.13
-6.63,-7.56,18.27, 1.59,3.48,-2.36
-8.14,-1.25,21.55, 1.74,1.88,-3.26
-8.28,2.86,19.07, 1.03,0.19,-3.33
-8.21,6.75,15.11, 0.99,0.09,-3.97
-7.52,15.00,15.27, 1.54,-1.19,-3.23
-7.16,18.15,12.50, 0.85,-2.64,-2.14
-3.43,15.24,6.56, 0.94,-2.82,-0.90
-0.47,12.28,3.17, 1.44,-2.24,0.21
0.35,9.11,3.39, 0.80,-1.12,0.80
0.62,6.54,4.06, 0.14,-0.63,0.92
1.12,4.49,5.14, -0.23,-0.22,0.79
0.88,3.68,6.32, -0.04,0.09,0.60
0.83,3.87,7.05, -0.14,0.27,0.36
0.89,3.81,7.38, -0.03,0.43,0.35
0.85,4.15,7.73, 0.35,0.45,0.41
0.13,4.51,8.38, 0.24,0.54,0.30
-0.17,4.98,8.58, 0.06,0.42,0.08
-0.02,5.18,7.91, 0.11,0.14,0.17
-0.28,5.04,7.49, 0.11,0.19,0.22
-0.30,4.82,6.96, 0.20,0.36,0.21
-0.53,5.06,6.93, 0.37,0.37,0.17
-0.46,5.14,5.84, 0.45,0.32,0.28
-0.32,5.06,4.27, 0.51,0.65,0.39
-0.14,4.86,3.29, 0.68,1.37,0.47
-0.37,5.07,3.94, 0.95,2.04,0.57
-1.09,5.17,4.83, 1.00,2.28,0.48
-1.93,4.79,5.19, 0.92,2.15,0.19
-2.48,4.78,4.71, 1.29,1.89,-0.23
-3.46,5.69,4.95, 1.47,1.90,-0.67
-4.53,6.53,4.53, 1.46,1.73,-1.07
-5.24,7.37,3.62, 1.49,1.47,-1.30
-5.89,7.60,3.27, 1.31,1.48,-1.41
-7.44,7.53,2.79, 0.67,1.29,-1.47
-8.28,8.03,2.43, 0.88,1.27,-1.85
-9.04,8.69,2.87, 1.24,1.28,-1.71
-9.50,8.14,3.29, 0.69,1.10,-1.76
-10.07,8.13,3.24, 0.23,0.61,-1.85
-9.40,7.22,2.09, -0.16,0.22,-1.60
-9.82,5.67,1.60, 0.25,0.15,-1.46
-11.04,5.59,1.74, 0.41,0.07,-1.62
-11.20,6.53,1.72, 0.39,-0.27,-1.63
-10.29,5.90,1.08, 0.45,-0.52,-1.16
-10.68,3.75,0.77, 0.76,-0.45,-0.88
-11.22,3.95,1.22, 0.91,-0.43,-1.11
-9.64,5.25,1.08, 0.31,-0.52,-1.39
-7.67,4.73,-0.06, 0.13,-0.29,-1.10
-8.24,4.03,0.70, 0.18,0.34,-0.46
-9.45,2.72,1.42, 0.13,0.65,-0.14
-9.47,1.86,1.22, 0.67,0.50,-0.02
-8.96,2.26,1.22, 1.41,0.00,0.15
-8.47,2.54,1.20, 1.42,-0.41,0.41
-8.35,1.77,0.71, 1.13,-0.50,0.44
-8.32,1.44,0.72, 0.99,-0.39,0.20
-8.38,2.26,1.30, 0.71,-0.20,-0.19
-8.48,2.87,1.67, 0.19,-0.01,-0.40
-8.32,2.90,1.75, -0.02,0.17,-0.42
-8.37,2.89,1.80, 0.11,0.42,-0.36
-8.66,3.14,2.12, 0.25,0.62,-0.32
-8.73,3.51,2.44, 0.24,0.56,-0.26
-8.98,3.46,2.20, 0.22,0.25,-0.08
-10.20,2.84,1.68, 0.45,-0.16,0.16
-10.32,3.38,1.29, 0.44,-0.27,0.10
-9.63,3.71,0.67, 0.27,-0.33,0.15
-9.72,3.17,0.25, 0.62,-0.49,0.52
-10.43,2.83,0.08, 0.87,-0.61,0.66
-10.32,2.98,-0.17, 0.79,-0.61,0.55
-9.35,3.62,-0.62, 0.54,-0.42,0.44
-8.92,3.24,-0.64, 0.43,-0.33,0.51
-8.81,3.16,-0.47, 0.49,-0.16,0.55
-8.74,3.36,-0.07, 0.22,-0.05,0.39
-8.67,3.22,0.09, -0.03,-0.08,0.27
-8.63,2.94,0.06, 0.01,-0.17,0.22
-8.68,2.93,-0.01, 0.15,-0.23,0.16
-8.48,2.92,-0.23, 0.36,-0.25,0.13
-8.47,2.87,-0.32, 0.54,-0.24,0.09
-8.69,2.81,-0.21, 0.61,-0.22,-0.02
-9.00,3.12,-0.11, 0.50,-0.22,-0.20
-8.88,3.35,-0.07, 0.33,-0.19,-0.28
-9.31,3.11,0.21, 0.44,-0.22,-0.27
-9.99,2.85,0.48, 0.75,-0.36,-0.25
-9.93,2.89,0.17, 0.95,-0.54,-0.31
-9.36,3.03,-0.20, 1.16,-0.57,-0.28
-9.03,3.30,0.01, 1.18,-0.47,-0.22
-9.19,3.43,0.64, 0.78,-0.31,-0.21
-9.14,2.94,1.09, 0.29,-0.17,-0.25
-9.08,2.72,1.47, 0.15,-0.07,-0.24
-9.22,2.49,1.79, 0.31,-0.12,-0.09
-9.32,2.49,1.95, 0.64,-0.23,0.08
-9.27,3.37,2.67, 0.82,-0.20,0.20
-9.40,5.00,3.93, 0.97,-0.03,0.65
-11.88,7.86,5.82, 1.55,0.37,0.91
-14.15,14.18,7.67, 2.75,-0.47,1.60
-17.04,17.46,5.61, 2.58,-2.24,3.06
-16.03,13.92,-0.27, 3.35,-2.76,4.23
-12.44,13.26,-1.66, 3.65,-1.47,5.55
-11.15,8.37,-0.46, 0.74,-0.57,6.68
-9.38,-3.18,-2.23, -0.52,-0.84,7.28
-4.30,-16.47,-1.29, 1.86,-0.42,7.68
-5.75,-35.15,6.62, -0.49,-0.12,2.83
-3.43,-27.50,-7.75, -1.90,0.15,-6.39
-19.24,6.21,-1.03, 1.52,2.68,-8.73
-24.39,64.63,8.57, -1.50,0.42,-4.63
-6.16,43.23,-9.46, -0.34,-1.64,2.03
-8.56,30.08,2.80, 3.05,2.39,3.45
-8.54,14.64,4.47, -1.75,0.41,4.75
-6.52,-0.81,-0.44, -1.78,-1.08,4.74
-5.18,-7.63,-3.36, 0.72,-2.21,4.32
-1.31,-9.00,-4.01, 0.49,-1.80,2.54
0.46,-9.36,-4.27, -1.46,0.29,-0.51
-1.27,-8.44,-2.74, -1.77,1.89,-3.13
-5.12,-4.06,-0.45, -1.11,2.88,-5.53
-10.75,13.94,5.10, -0.81,3.08,-6.47
-14.42,36.77,12.14, -2.34,1.06,-5.39
-9.05,27.19,3.78, -1.63,-1.63,0.40
-5.32,22.74,4.66, 3.25,-0.30,1.48
-5.29,24.38,6.90, 1.64,-0.53,2.57
-4.90,16.60,2.93, 0.38,-2.04,4.02
-3.32,12.94,0.60, 0.25,-2.34,4.35
-1.62,9.61,-1.69, 0.02,-2.29,4.86
-0.36,7.03,-3.06, 1.05,-2.49,5.63
2.18,4.30,-3.99, 1.50,-1.66,5.60
2.57,0.43,-4.56, 1.95,-1.62,5.49
4.87,-3.51,-4.67, 2.26,-0.63,5.14
4.96,-6.55,-5.19, 1.87,0.09,3.28
4.38,-8.36,-6.40, 1.26,-0.79,1.73
6.11,-9.16,-9.33, -0.66,-0.67,0.28
6.40,-10.48,-11.92, -1.70,2.00,-2.52
-8.33,-2.09,-6.51, -2.05,6.97,-6.17
-27.57,14.88,11.61, 0.55,8.73,-8.73
-18.33,26.65,25.45, -1.30,6.02,-7.38
-11.37,22.05,15.61, -2.62,1.94,-1.74
-3.68,15.02,2.44, -0.21,-0.83,1.01
0.43,7.15,2.41, 0.91,0.40,1.19
-1.16,6.22,5.41, -0.09,0.72,0.02
0.52,9.16,4.51, -0.70,0.23,-0.32
0.18,8.64,4.92, -0.41,0.23,0.18
0.14,7.69,3.96, 0.35,-0.04,0.18
0.15,8.46,4.51, 0.37,-0.03,-0.06
0.49,8.68,3.51, 0.33,0.02,-0.12
0.25,8.29,3.34, 0.38,0.22,-0.10
-0.39,8.63,3.81, 0.19,0.23,-0.09
-0.65,8.96,2.43, 0.22,0.25,0.07
-1.50,9.34,2.12, 0.62,0.52,0.31
-2.50,9.28,3.05, 0.89,0.59,0.55
-3.77,9.44,2.11, 0.96,0.30,0.63
-5.68,10.25,-0.52, 1.88,0.35,0.06
-3.15,12.79,2.79, 2.34,-0.13,0.58
-2.29,10.72,0.95, 1.34,-0.52,1.79
1.87,7.86,0.05, 0.82,-0.46,2.02
2.10,6.67,1.34, 0.36,-0.54,1.67
4.47,3.82,0.30, -0.11,-0.54,0.90
4.23,5.22,0.42, 0.29,-0.34,-0.12
4.25,5.38,0.78, -0.46,-0.42,-0.93
4.93,3.05,-0.99, -0.07,-0.33,-1.57
2.78,6.06,-0.03, 0.18,-0.14,-2.62
1.94,8.16,0.39, -0.46,-0.37,-2.97
-0.51,8.47,-0.35, -0.14,-0.45,-2.53
-2.27,10.41,1.02, -0.36,-0.29,-2.82
-2.62,10.56,1.09, -0.97,-0.23,-2.67
-3.29,7.79,-0.94, -0.66,-0.23,-2.38
-3.76,7.08,-0.05, 0.05,0.35,-2.46
-6.25,9.20,1.97, -0.95,0.72,-2.79
-6.48,7.99,0.71, -0.92,0.62,-2.71
-8.26,8.07,1.52, 0.19,0.74,-2.41
-9.77,10.12,1.56, -0.32,0.39,-2.67
-8.69,9.23,-0.67, 0.29,0.26,-2.18
-8.57,8.79,0.74, 0.64,0.72,-1.73
-10.83,8.53,1.81, -0.43,0.95,-1.65
-10.47,8.59,0.69, -0.68,0.40,-1.66
-9.53,7.43,0.37, -0.58,0.38,-1.14
-9.50,5.80,0.34, -0.51,0.64,-0.98
-9.60,5.49,0.46, -0.60,0.69,-1.22
-9.36,5.50,0.19, -0.73,0.60,-1.24
-9.28,5.38,0.09, -0.81,0.42,-0.97
-9.29,5.02,0.10, -0.89,0.15,-0.63
-9.44,4.23,-0.11, -0.81,-0.17,-0.29
-9.58,3.56,-0.40, -0.49,-0.49,-0.06
-9.50,3.13,-0.97, -0.00,-0.66,0.14
-9.30,3.00,-1.32, 0.47,-0.62,0.27
-9.28,3.07,-1.10, 0.59,-0.45,0.34
-9.40,2.95,-0.68, 0.35,-0.33,0.29
-10.07,2.30,-0.53, 0.09,-0.34,0.20
-9.89,2.49,-0.41, -0.04,-0.38,0.01
-8.58,3.42,-0.50, -0.48,-0.19,-0.17
-8.07,3.25,-0.62, -0.40,-0.06,0.11
-8.74,3.37,0.53, -0.55,0.17,0.30
-9.06,3.11,1.02, -1.37,0.39,0.17
-8.83,2.40,0.95, -1.41,0.41,0.09
-8.66,2.71,1.23, -0.85,0.19,0.21
-8.79,2.86,1.13, -0.62,-0.04,0.42
-8.92,2.41,0.76, -0.76,-0.01,0.45
-8.79,2.24,0.62, -0.81,0.22,0.33
-8.48,2.53,0.93, -0.86,0.36,0.26
-8.33,2.73,1.55, -0.97,0.38,0.30
-8.32,2.37,1.58, -1.10,0.35,0.28
-8.35,2.37,1.13, -0.95,0.34,0.19
-8.55,2.77,0.95, -0.85,0.39,0.14
-8.64,3.18,0.78, -0.94,0.45,0.13
-8.99,3.25,0.37, -1.18,0.53,0.12
-9.14,3.13,0.04, -1.30,0.65,0.14
-9.26,3.25,0.03, -1.45,0.85,0.12
-9.28,2.96,0.09, -1.50,0.94,0.17
-9.58,2.44,0.14, -1.27,0.87,0.21
-9.29,2.79,0.01, -1.17,0.81,0.09
-8.81,2.83,-0.25, -1.09,0.75,0.08
-8.79,2.42,-0.36, -0.83,0.60,0.07
-8.94,2.66,-0.70, -0.58,0.43,-0.10
-8.86,3.39,-1.13, -0.55,0.36,-0.26
-9.13,3.63,-1.55, -0.47,0.32,-0.34
-9.15,4.32,-1.56, -0.47,0.31,-0.35
-9.11,4.81,-1.32, -0.95,0.39,-0.31
-9.13,4.21,-1.35, -1.21,0.42,-0.17
-9.39,3.85,-1.13, -0.89,0.36,-0.01
-9.54,3.88,-0.87, -0.64,0.25,0.14
-9.49,3.58,-0.88, -0.48,0.11,0.27
-9.42,3.39,-0.92, -0.33,0.01,0.36
-9.28,3.15,-0.92, -0.30,-0.03,0.41
-9.28,2.82,-0.97, -0.18,-0.09,0.44
-9.11,2.70,-0.91, -0.02,-0.08,0.42
-8.96,2.71,-0.75, 0.03,-0.12,0.32
-8.88,2.61,-0.72, -0.00,-0.14,0.21
-8.79,2.80,-0.70, -0.04,-0.20,0.02
-8.62,2.89,-0.67, -0.01,-0.23,-0.06
-8.80,3.01,-0.48, 0.04,-0.28,-0.16
-9.00,3.29,-0.42, 0.06,-0.39,-0.25
-8.95,3.45,-0.67, 0.10,-0.46,-0.27
-8.85,3.28,-0.93, 0.34,-0.43,-0.20
-9.04,3.39,-0.60, 0.43,-0.34,-0.21
-9.23,3.61,-0.12, 0.25,-0.33,-0.27
-9.43,3.60,0.19, 0.03,-0.38,-0.25
-9.64,3.24,0.35, 0.02,-0.37,-0.22
-9.32,3.45,0.63, 0.09,-0.30,-0.22
-8.54,3.65,0.63, 0.14,-0.20,-0.06
-8.20,3.21,0.89, 0.20,0.02,0.16
-8.48,2.78,1.43, 0.11,0.25,0.27
-8.83,2.35,1.89, -0.06,0.38,0.18
-8.85,2.28,2.02, -0.04,0.33,-0.01
-8.67,2.51,1.90, 0.16,0.08,-0.09
-8.50,2.70,1.58, 0.26,-0.13,-0.08
-8.39,2.74,1.24, 0.23,-0.13,-0.14
-8.20,3.26,1.21, -0.04,0.04,-0.31
-8.25,3.51,1.29, -0.25,0.22,-0.38
-8.54,4.02,1.53, -0.22,0.29,-0.36
-9.15,4.22,1.47, -0.04,0.16,-0.22
-9.44,4.55,1.37, 0.13,-0.05,0.03
-10.12,4.40,1.00, 0.25,-0.29,0.27
-9.76,4.28,0.53, 0.36,-0.37,0.44
-9.46,3.60,0.23, 0.42,-0.34,0.61
-9.71,2.82,-0.01, 0.63,-0.40,0.69
-9.73,3.09,-0.13, 0.36,-0.45,0.47
-9.35,2.64,-0.73, 0.04,-0.49,0.36
-9.10,2.19,-0.97, 0.16,-0.40,0.27
-8.67,2.96,-0.83, 0.16,-0.33,0.08
-7.97,3.11,-0.94, 0.07,-0.22,0.02
-7.92,3.17,-0.65, 0.27,-0.02,-0.01
-8.27,3.80,0.31, 0.29,0.04,-0.11
-8.68,4.32,0.59, 0.13,-0.12,-0.15
-9.05,4.98,0.92, 0.08,-0.22,-0.17
-9.64,5.41,1.52, 0.05,-0.22,-0.16
-10.16,5.86,1.98, 0.00,-0.35,-0.02
-11.90,6.55,3.51, 0.53,-0.71,0.36
-11.65,8.20,4.13, 0.55,-0.94,0.60
-11.37,9.63,5.89, 0.14,-1.26,1.24
-13.12,8.69,5.52, 0.48,-1.80,2.19
-14.81,10.44,6.63, 0.86,-1.77,2.61
-15.83,13.13,8.32, -0.38,-2.16,3.25
-16.53,8.99,6.49, -0.19,-2.92,4.10
-15.22,8.38,5.79, 0.59,-3.25,4.50
-14.39,6.41,3.32, -0.10,-3.58,4.99
-11.54,3.53,0.62, -0.08,-3.45,4.74
-8.27,4.39,0.75, -0.53,-3.38,4.46
-5.16,1.78,-0.17, -0.59,-3.23,4.77
-2.75,1.01,-0.30, -0.37,-3.24,4.19
0.64,1.64,-0.28, -0.81,-3.68,3.69
1.20,1.54,-2.07, -0.95,-3.68,3.51
3.02,1.47,-3.56, -1.10,-3.66,3.23
3.83,2.09,-4.14, -1.18,-3.26,3.28
4.29,2.69,-4.00, -1.54,-3.07,3.52
4.86,-3.00,-6.47, -1.39,-2.98,3.56
7.21,-5.56,-7.19, -0.32,-2.45,2.78
8.04,-5.94,-5.48, -0.23,-1.96,2.22
8.96,-7.17,-6.98, -0.85,-1.38,1.34
9.35,-5.56,-7.01, -0.03,-0.72,0.40
8.93,-2.67,-5.13, -0.22,-0.73,0.40
9.26,-3.43,-6.05, -0.34,-0.75,0.46
8.97,-3.24,-6.03, -0.23,-0.58,0.30
9.34,-1.80,-6.45, -0.22,-0.56,0.12
8.80,-1.18,-5.61, -0.29,-0.50,0.32
8.57,-2.97,-6.30, -0.34,-0.63,0.52
8.74,-3.69,-7.34, -0.06,-0.68,0.23
8.59,-2.74,-7.95, 0.05,-0.85,0.23
8.57,-3.88,-9.68, -0.10,-1.00,0.33
8.07,-4.92,-12.39, 0.54,-1.07,0.03
8.17,-4.02,-12.32, 0.96,-1.01,-0.03
7.78,-5.57,-12.80, 0.99,-1.04,-0.13
7.17,-5.58,-11.68, 1.38,-0.99,-0.23
5.15,-6.70,-11.22, 0.76,-1.01,-0.27
3.07,-7.63,-12.47, 0.52,-1.52,-0.82
2.49,-7.63,-14.08, 0.45,-1.62,-1.30
2.14,-5.99,-15.42, -0.37,-0.38,-2.12
1.18,-3.56,-13.08, -1.23,2.29,-2.76
-2.07,-3.00,-9.61, -1.67,5.53,-3.47
-5.23,-0.14,-2.34, -1.62,7.24,-4.17
-10.25,1.47,2.23, -2.02,8.73,-4.79
-16.08,2.64,11.14, -2.27,8.73,-5.12
-14.09,12.04,22.49, -3.32,8.73,-4.49
-2.68,12.21,16.06, -5.16,6.32,-2.89
0.81,3.36,16.03, 0.76,2.36,-0.01
0.00,0.05,14.16, -0.24,0.39,0.27
1.88,3.83,10.09, -0.84,0.66,-0.63
0.85,3.42,12.64, -0.43,0.82,0.02
0.99,2.69,11.57, -0.08,0.38,0.03
1.29,3.90,11.17, 0.04,-0.11,0.16
1.82,3.49,9.67, 0.17,-0.10,0.24
1.44,2.95,9.47, 0.28,0.08,0.35
1.58,3.34,9.35, 0.15,-0.05,0.11
1.90,3.42,8.77, 0.27,-0.06,0.11
1.63,3.29,9.30, 0.19,-0.06,0.00
2.04,3.44,8.83, -0.02,-0.17,-0.05
2.06,3.32,8.06, 0.39,-0.11,0.02
2.01,4.60,8.68, 0.37,-0.06,0.01
1.92,3.49,9.22, 0.16,0.01,0.04
0.97,4.72,8.74, 0.21,-0.10,-0.14
0.34,5.66,7.86, 0.71,-0.24,0.16
-0.46,5.02,6.99, 1.05,-0.42,0.69
-0.67,3.71,4.59, 0.89,-0.26,0.97
-2.92,4.19,5.55, 0.69,-0.15,0.94
-1.57,3.46,4.80, 0.79,-0.56,1.13
-1.88,3.18,2.97, 1.08,0.09,1.44
-0.83,3.26,3.57, 1.38,0.09,1.21
2.20,3.35,3.21, 1.79,0.20,0.99
2.48,2.91,3.64, 1.68,0.17,0.49
5.51,2.57,3.14, 2.42,0.08,-0.59
4.30,4.74,5.28, 1.98,0.62,-1.78
2.93,7.12,7.25, 1.15,0.67,-3.14
0.89,10.30,6.45, 0.37,0.12,-3.90
-0.72,10.08,6.10, 0.59,0.38,-3.79
-3.19,13.25,6.46, 1.37,0.11,-3.61
-2.71,15.50,6.96, 0.46,-0.08,-3.10
-2.60,11.91,5.55, 0.63,0.18,-2.37
-3.04,11.73,5.43, 1.46,0.14,-2.12
-3.15,12.72,5.96, 1.00,0.04,-1.72
-2.88,10.83,5.10, 0.31,0.09,-1.26
-3.69,8.86,4.78, 0.58,0.29,-0.96
-4.65,9.40,5.32, 0.54,0.14,-0.87
-4.82,9.68,4.87, 0.25,-0.02,-0.64
-5.09,8.57,4.24, 0.31,-0.06,-0.33
-5.99,8.17,3.86, 0.46,-0.09,-0.39
-6.33,9.45,4.14, 0.27,-0.21,-0.38
-6.33,8.89,3.37, 0.26,-0.52,-0.22
-6.43,8.26,2.84, 0.66,-0.73,-0.26
-6.73,8.81,2.84, 0.56,-0.87,-0.34
-6.56,8.17,1.85, 0.61,-1.04,-0.34
-6.10,8.04,1.35, 0.81,-0.99,-0.29
-5.38,7.41,1.13, 0.66,-0.73,-0.24
-5.09,6.40,1.26, 0.56,-0.40,-0.29
-5.64,6.47,1.94, 0.39,-0.27,-0.53
-6.52,7.40,3.32, 0.03,-0.28,-0.75
-6.56,7.37,2.06, -0.01,-0.57,-0.76
-6.11,7.66,1.86, 0.22,-0.64,-0.72
-6.58,7.51,2.02, 0.41,-0.67,-0.79
-6.54,7.88,2.62, 0.17,-0.72,-0.75
-6.38,6.51,2.01, 0.30,-0.91,-0.56
-5.90,6.17,1.62, 0.73,-0.86,-0.54
-5.82,6.44,1.81, 0.57,-0.56,-0.44
-6.01,6.09,2.04, 0.18,-0.20,-0.37
-6.60,6.13,2.71, -0.08,0.08,-0.37
-6.98,6.04,3.11, -0.14,0.12,-0.29
-6.82,5.94,3.11, -0.08,0.16,-0.26
-6.80,5.92,3.37, -0.08,0.24,-0.20
-6.86,5.65,3.54, -0.07,0.22,-0.13
-6.82,5.67,3.53, -0.13,0.14,-0.08
-6.95,5.41,3.31, -0.20,0.08,-0.07
-7.32,5.70,3.19, -0.24,0.04,-0.10
-7.53,5.82,2.99, -0.20,-0.05,-0.02
-7.48,5.63,2.71, -0.04,-0.10,0.04
-7.31,5.53,2.58, -0.06,-0.03,0.04
-7.15,5.27,2.58, -0.10,0.05,0.02
-7.11,5.34,2.73, -0.15,0.11,-0.03
-7.20,5.57,2.96, -0.19,0.11,-0.04
-7.34,5.59,3.05, -0.15,0.05,-0.03
-7.42,5.84,3.03, -0.05,-0.03,-0.02
-7.32,5.95,3.06, -0.07,-0.05,-0.00
-7.11,5.51,2.89, -0.05,-0.06,0.05
-6.92,5.29,2.83, 0.04,-0.01,0.03
-7.03,5.60,2.99, -0.11,0.03,-0.02
-7.09,5.57,2.93, -0.10,0.02,-0.01
-7.08,5.76,3.02, -0.06,0.04,0.01
-7.21,5.77,3.12, -0.04,0.01,0.05