-1.93,7.86,-5.37, -0.10,-0.03,0.05
-1.85,7.83,-5.77, -0.13,-0.07,0.04
-1.72,7.69,-5.44, 0.04,-0.07,0.09
-1.88,7.27,-5.11, -0.06,-0.05,-0.02
-1.56,7.87,-6.16, 0.04,-0.05,-0.03
-1.78,8.99,-5.77, -0.00,0.01,-0.03
-1.55,8.38,-5.51, -0.12,-0.04,0.04
-1.63,7.79,-5.35, -0.17,-0.01,0.04
-1.76,7.83,-5.81, 0.00,-0.09,0.08
-1.90,8.06,-5.93, -0.07,0.06,-0.00
-1.89,7.72,-5.67, -0.05,0.01,0.00
-1.68,7.80,-5.29, 0.06,0.11,-0.00
-1.50,7.47,-5.86, 0.03,0.09,-0.06
-1.31,7.89,-6.05, 0.06,0.11,-0.05
-1.32,7.84,-6.13, 0.01,0.10,-0.04
-1.45,7.60,-6.21, 0.20,0.10,-0.03
-1.60,7.74,-6.18, 0.18,0.07,-0.04
-1.90,7.85,-6.05, 0.14,0.00,-0.10
-2.18,7.64,-5.55, 0.38,-0.13,-0.01
-2.77,7.34,-4.84, 0.20,-0.30,-0.03
-1.70,8.20,-6.92, -0.05,-0.30,-0.03
-1.86,8.58,-6.88, 0.08,-0.14,0.03
-1.36,9.00,-6.60, -0.07,0.05,0.01
-0.96,7.75,-6.89, -0.11,0.08,0.06
-0.76,8.51,-6.91, 0.43,0.22,0.33
-0.98,8.52,-6.60, 0.39,0.43,0.40
-0.49,7.53,-7.36, 0.50,0.32,0.55
-0.76,8.02,-7.14, 0.66,0.53,0.66
-0.28,7.39,-7.88, 0.81,0.53,0.78
-0.34,7.34,-7.75, 0.67,0.68,0.72
-0.66,6.98,-7.15, 0.27,0.51,0.58
-0.33,7.02,-7.34, 0.04,0.34,0.59
-0.44,7.30,-6.15, -0.55,0.09,0.42
-0.61,7.90,-5.36, -1.14,-0.09,0.28
-0.56,7.09,-5.58, -1.26,-0.36,0.25
0.49,7.59,-6.49, -1.77,-0.48,-0.03
-0.29,6.69,-6.19, -1.44,-0.49,0.05
-0.53,7.18,-5.95, -0.87,-0.42,0.05
-1.09,6.99,-5.87, -0.51,-0.32,-0.02
-0.58,7.39,-6.64, -0.11,-0.39,0.05
-1.28,7.24,-4.48, -0.28,-0.19,-0.03
-0.60,8.24,-4.26, -0.23,-0.33,0.11
-0.44,7.50,-4.59, -0.87,-0.16,-0.09
-0.75,8.35,-5.17, -0.48,-0.48,0.18
0.27,11.29,-6.18, -0.68,-0.52,0.16
-1.12,8.00,-2.55, -0.87,-0.45,0.01
-0.88,9.66,-3.06, 0.05,-0.62,0.33
-0.93,9.20,-1.76, -0.39,-0.49,-0.07
0.11,9.27,-3.31, -0.80,-0.28,-0.22
-0.01,9.46,-3.22, -0.12,-0.26,-0.05
-0.43,9.90,-3.05, -0.63,-0.15,-0.22
-0.67,9.80,-2.89, -0.58,0.09,0.02
-0.63,8.54,-2.52, -0.43,0.04,0.11
-0.65,8.47,-3.60, -0.42,0.10,-0.10
-0.73,9.20,-2.52, -0.24,0.23,-0.12
-0.23,9.38,-3.17, -0.30,0.47,0.05
0.20,7.86,-3.39, -0.49,0.60,-0.24
0.27,8.00,-2.93, 0.03,0.63,-0.41
-0.36,8.35,-1.79, -0.13,0.44,-0.95
-0.12,9.40,-1.86, -0.84,-0.09,-1.31
-0.09,9.63,-3.60, -0.49,0.01,-0.90
-0.61,8.88,-3.09, 0.01,0.27,-0.98
-0.64,9.93,-2.28, -0.18,0.05,-0.40
-1.30,9.23,-2.25, 0.62,0.02,-0.16
-2.61,9.59,-1.47, 0.26,-0.04,-0.57
-3.63,11.10,-1.02, -0.83,-0.80,-1.10
-3.85,10.52,-3.47, -1.33,-1.27,-1.00
-3.98,9.42,-3.73, -0.39,-0.96,-0.78
-5.27,9.55,-3.01, 0.34,-1.01,-0.37
-5.45,10.62,-2.39, 0.31,-1.40,-0.15
-3.87,9.54,-2.42, 0.36,-1.16,-0.07
-3.63,8.26,-1.21, 0.23,-0.55,0.23
-3.87,7.20,-0.17, 0.22,-0.22,0.09
-4.12,8.30,0.06, 0.08,-0.36,-0.05
-3.46,7.85,-0.94, -0.01,-0.43,0.02
-2.78,7.55,-1.06, 0.26,-0.17,0.08
-2.76,7.67,-0.57, 0.32,-0.01,0.08
-2.89,8.12,-0.78, 0.31,-0.04,0.17
-2.97,9.05,-1.30, 0.27,-0.06,0.21
-3.18,9.90,-1.89, 0.13,0.06,0.40
-3.40,9.75,-2.49, -0.06,0.35,0.58
-3.49,8.80,-2.10, 0.06,0.70,0.53
-4.31,9.71,-1.72, 0.12,0.58,0.34
-4.73,11.42,-2.48, -0.25,0.19,0.10
-3.31,9.27,-3.76, -0.07,0.23,0.23
-3.09,8.71,-2.74, 0.24,0.53,0.15
-3.20,9.10,-1.91, -0.22,0.40,-0.02
-2.84,8.30,-2.68, -0.25,0.11,-0.03
-2.48,8.05,-3.03, 0.06,0.12,0.07
-2.37,8.22,-2.58, -0.00,0.16,0.06
-2.77,7.89,-2.10, -0.21,0.04,0.00
-2.48,7.75,-2.60, -0.06,-0.10,0.10
-2.89,8.36,-2.35, 0.15,-0.12,0.04
-3.36,9.27,-2.46, -0.06,-0.48,0.01
-3.23,9.46,-3.49, -0.00,-0.52,0.05
-3.83,10.16,-3.00, -0.03,-0.36,-0.05
-4.29,9.19,-2.53, 0.06,-0.55,-0.04
-4.32,9.43,-2.42, 0.21,-0.74,-0.16
-3.66,9.63,-2.35, 0.27,-0.65,-0.17
-3.60,8.80,-1.99, 0.28,-0.56,0.02
-3.80,8.40,-1.53, 0.19,-0.54,0.00
-3.98,8.32,-1.86, 0.15,-0.62,-0.04
-3.72,8.45,-1.87, 0.21,-0.56,-0.05
-3.17,8.19,-1.60, 0.11,-0.45,-0.06
-2.84,7.82,-1.43, 0.03,-0.29,-0.08
-2.85,7.95,-1.26, 0.01,-0.21,-0.06
-2.90,8.04,-1.32, 0.05,-0.25,-0.02
-2.72,9.25,-2.06, 0.05,-0.27,0.03
-2.59,9.43,-2.96, 0.08,0.09,0.18
-3.04,9.79,-2.39, -0.05,0.38,0.21
-3.39,9.32,-2.37, -0.37,0.46,0.21
-3.64,8.91,-2.76, -0.12,0.48,0.18
-4.24,10.06,-2.93, 0.04,0.25,0.03
-3.49,9.88,-4.36, -0.04,0.28,-0.02
-2.92,8.92,-3.91, -0.11,0.69,-0.14
-2.86,8.49,-2.78, -0.48,0.87,-0.32
-3.21,8.47,-2.88, -0.52,0.70,-0.33
-3.20,8.75,-2.75, -0.34,0.59,-0.27
-2.75,7.43,-2.69, -0.13,0.54,-0.18
-3.20,7.24,-1.98, -0.21,0.49,-0.38
-3.03,7.68,-1.91, -0.62,0.26,-0.49
-3.47,7.95,-2.60, -0.51,0.22,-0.39
-3.86,9.05,-2.49, -0.23,0.17,-0.19
-4.01,9.27,-2.29, -0.23,0.07,-0.09
-4.35,9.28,-2.15, -0.21,0.05,0.03
-4.33,8.78,-1.70, -0.13,-0.08,0.03
-4.65,8.71,-2.35, 0.24,-0.27,-0.02
-5.54,10.47,-2.27, 0.36,-0.57,-0.26
-4.99,10.63,-2.82, 0.13,-0.79,-0.07
-4.06,8.69,-2.92, 0.20,-0.46,0.13
-4.50,7.95,-1.61, -0.06,0.04,-0.04
-4.82,7.80,-1.26, -0.34,0.01,-0.20
-4.28,7.86,-1.66, -0.12,-0.09,-0.15
-3.65,7.14,-1.40, -0.15,0.04,-0.14
-3.43,7.18,-1.03, -0.23,0.07,-0.21
-3.26,7.26,-1.26, -0.15,0.05,-0.21
-3.24,8.08,-1.41, -0.06,0.06,-0.20
-3.23,8.85,-2.32, -0.15,0.15,-0.07
-3.27,9.36,-2.86, -0.11,0.46,0.11
-3.35,9.47,-2.77, -0.39,0.81,0.18
-3.80,9.05,-2.87, -0.62,1.03,0.26
-5.17,9.27,-2.83, -0.37,1.01,0.11
-6.11,11.57,-2.85, -0.61,0.60,-0.11
-4.26,9.53,-4.02, -0.52,0.62,0.13
-3.54,7.86,-2.86, 0.02,1.01,0.19
-3.52,8.20,-1.89, -0.32,0.89,-0.05
-3.52,8.36,-2.45, -0.44,0.54,-0.13
-3.26,8.00,-3.36, -0.20,0.52,-0.02
-3.31,7.96,-2.97, -0.08,0.60,0.05
-3.15,7.57,-2.57, -0.29,0.58,0.04
-2.95,7.18,-2.50, -0.26,0.53,0.01
-3.51,8.02,-2.32, -0.21,0.41,-0.04
-3.78,8.48,-2.65, -0.40,0.20,-0.09
-4.39,8.87,-2.51, -0.44,0.14,-0.14
-4.84,9.54,-2.35, -0.54,-0.03,-0.16
-4.33,8.66,-2.45, -0.22,0.01,-0.11
-5.11,9.59,-1.71, -0.03,-0.07,-0.26
-5.54,10.70,-2.01, -0.33,-0.51,-0.31
-4.12,9.03,-3.33, -0.01,-0.33,-0.06
-4.33,8.26,-1.88, 0.11,0.11,-0.08
-4.65,8.13,-1.26, -0.54,0.10,-0.39
-4.08,8.09,-1.73, -0.40,0.10,-0.43
-3.74,8.29,-1.31, -0.13,0.17,-0.30
-3.44,7.53,-0.98, -0.28,0.21,-0.27
-3.17,6.93,-0.79, -0.20,0.21,-0.22
-3.25,7.14,-0.56, -0.02,0.20,-0.20
-3.33,7.80,-1.06, -0.07,0.13,-0.21
-3.11,8.17,-1.78, -0.11,0.31,-0.15
-3.70,9.03,-1.43, -0.13,0.52,-0.06
-4.05,9.87,-1.62, -0.39,0.57,0.08
-3.96,9.53,-2.04, -0.18,0.65,0.35
-4.06,8.49,-2.26, 0.15,0.75,0.45
-5.97,10.32,-2.38, -0.05,0.60,0.04
-6.88,12.03,-3.81, -0.55,0.21,0.01
-5.39,10.13,-4.15, -0.11,0.44,0.37
-4.32,7.48,-2.21, -0.01,0.76,0.43
-4.19,6.84,-1.17, -0.39,0.53,0.13
-4.31,7.18,-1.72, -0.48,0.22,-0.08
-3.63,7.27,-2.60, -0.07,0.07,0.03
-3.10,7.07,-2.45, 0.29,0.15,0.13
-3.42,7.36,-1.81, 0.03,0.16,-0.05
-3.65,7.41,-2.12, -0.02,-0.05,-0.15
-3.78,8.14,-2.47, 0.20,-0.15,-0.19
-3.98,9.14,-2.71, 0.04,-0.23,-0.20
-3.84,8.95,-2.95, 0.08,-0.20,-0.13
-4.23,9.31,-2.21, 0.01,-0.22,-0.09
-4.76,9.35,-1.98, -0.21,-0.39,-0.09
-5.02,8.61,-2.26, -0.07,-0.51,-0.01
-5.95,8.42,-1.86, 0.40,-0.65,-0.05
-6.28,9.73,-2.33, 0.37,-1.10,-0.20
-5.72,9.79,-3.23, 0.43,-1.02,-0.13
-5.51,9.33,-2.47, 0.23,-0.72,0.04
-4.81,7.59,-1.44, 0.03,-0.44,0.17
-4.40,6.30,-0.69, 0.27,-0.33,0.17
-4.42,7.16,0.04, 0.22,-0.50,-0.03
-3.91,7.14,-0.80, 0.12,-0.64,-0.05
-3.73,7.31,-1.11, 0.42,-0.52,0.10
-4.22,7.58,-0.42, 0.32,-0.48,0.08
-4.43,7.88,-0.68, 0.18,-0.60,0.04
-3.84,8.59,-1.46, 0.36,-0.57,0.19
-3.54,8.70,-1.58, 0.39,-0.25,0.37
-3.85,9.09,-1.15, 0.01,-0.03,0.38
-4.26,8.79,-1.49, -0.18,0.07,0.42
-5.26,8.74,-2.01, 0.35,0.06,0.39
-6.72,11.87,-2.25, 0.01,-0.23,0.08
-5.41,10.62,-3.82, -0.29,-0.27,0.25
-5.05,8.49,-2.53, 0.15,0.20,0.36
-5.37,8.03,-1.02, -0.31,0.05,0.14
-5.07,7.30,-1.84, -0.17,-0.31,0.12
-4.78,7.58,-2.16, 0.27,-0.37,0.17
-4.16,6.93,-2.01, 0.21,-0.38,0.16
-3.92,6.64,-1.81, 0.08,-0.34,0.09
-4.07,6.45,-1.52, 0.06,-0.31,-0.00
-4.57,6.86,-1.07, 0.10,-0.54,-0.11
-4.63,7.50,-1.75, 0.14,-0.87,-0.16
-5.16,8.35,-2.39, 0.34,-1.00,-0.12
-5.79,8.85,-2.37, 0.42,-1.11,-0.06
-5.27,8.49,-2.69, 0.59,-1.21,0.05
-5.44,7.93,-2.29, 0.76,-1.14,-0.00
-6.23,8.71,-1.79, 0.61,-1.30,-0.20
-6.38,8.75,-2.29, 0.67,-1.48,-0.26
-6.14,9.32,-2.49, 0.90,-1.41,-0.11
-5.19,8.80,-1.80, 0.63,-1.11,0.04
-5.17,7.06,-0.72, 0.49,-0.88,0.08
-5.58,6.86,-0.26, 0.55,-1.05,0.02
-5.21,7.22,-0.68, 0.60,-1.14,-0.03
-4.45,6.82,-0.91, 0.77,-1.05,0.11
-4.31,6.74,-0.57, 0.89,-0.99,0.15
-4.58,7.09,-0.70, 0.70,-1.05,0.03
-4.64,7.87,-1.36, 0.76,-1.00,0.06
-4.57,8.86,-1.43, 0.73,-0.82,0.19
-4.59,9.35,-1.02, 0.47,-0.60,0.37
-4.65,8.40,-0.85, 0.27,-0.42,0.54
-4.83,7.39,-1.05, 0.61,-0.34,0.64
-6.16,8.02,-0.88, 1.01,-0.45,0.45
-6.93,10.75,-1.59, 0.39,-0.93,0.26
-5.78,9.16,-3.18, 0.41,-0.89,0.48
-5.95,7.59,-1.66, 0.81,-0.61,0.65
-6.69,7.01,-0.70, 0.53,-0.98,0.47
-7.10,6.22,-1.84, 0.52,-1.42,0.30
-6.66,6.11,-2.79, 0.89,-1.61,0.20
-5.82,6.67,-3.64, 0.96,-1.61,0.08
-5.36,6.36,-3.51, 0.76,-1.22,-0.06
-5.47,6.28,-2.58, 0.78,-1.22,-0.17
-5.36,6.64,-2.75, 0.70,-1.38,-0.30
-6.05,7.35,-2.64, 0.66,-1.45,-0.39
-6.45,7.45,-2.83, 0.77,-1.66,-0.33
-6.43,7.32,-3.27, 1.15,-1.89,-0.24
-6.51,7.20,-3.44, 1.40,-1.94,-0.22
-7.06,7.16,-3.57, 1.42,-2.11,-0.26
-7.41,6.48,-3.97, 1.62,-2.19,-0.37
-7.36,7.20,-3.87, 1.56,-2.09,-0.40
-6.77,6.56,-3.00, 1.31,-1.89,-0.35
-6.46,4.96,-2.13, 1.22,-1.60,-0.35
-6.92,4.17,-1.36, 1.34,-1.46,-0.46
-7.32,4.10,-1.12, 1.49,-1.40,-0.47
-7.77,3.72,-1.01, 1.78,-1.40,-0.59
-8.06,4.20,-1.21, 2.06,-1.51,-0.65
-7.87,5.18,-2.03, 2.16,-1.59,-0.70
-7.47,6.62,-2.58, 2.16,-1.50,-0.66
-6.86,6.55,-2.65, 2.12,-1.34,-0.43
-6.86,6.01,-2.27, 2.07,-1.04,-0.29
-7.02,6.15,-1.86, 2.03,-1.01,-0.17
-6.27,5.74,-2.31, 1.82,-1.14,-0.13
-5.70,5.59,-2.89, 1.91,-0.85,-0.09
-6.10,6.17,-2.96, 2.00,-0.61,-0.03
-7.44,6.21,-2.54, 1.85,-0.45,-0.11
-8.51,8.26,-1.95, 1.19,-0.27,-0.56
-8.19,8.62,-2.28, 0.21,-0.29,-0.42
-7.89,6.92,-2.61, 0.39,0.09,-0.15
-8.69,7.72,-1.09, 0.10,0.40,-0.12
-9.76,7.03,-0.76, -0.60,0.22,-0.13
-10.25,6.85,-0.82, -0.77,-0.05,-0.08
-9.73,6.62,-1.45, -0.78,-0.16,0.06
-8.69,5.94,-1.57, -0.54,-0.13,0.45
-8.19,4.57,-1.37, -0.13,-0.12,0.84
-7.87,3.71,-1.07, 0.25,-0.04,0.95
-8.08,3.60,-0.73, 0.02,-0.10,0.77
-8.15,3.16,-1.10, -0.08,-0.22,0.62
-8.06,2.81,-1.31, 0.32,-0.32,0.43
-8.32,4.08,-0.99, 0.35,-0.38,0.20
-8.51,3.62,-1.28, 0.31,-0.48,0.12
-9.02,3.79,-0.92, 0.43,-0.51,-0.08
-10.27,3.19,-0.58, 0.19,-0.60,-0.42
-10.74,2.61,-1.02, 0.54,-0.88,-0.71
-9.94,3.44,-1.31, 0.86,-0.99,-0.82
-8.19,4.52,-1.47, 1.05,-0.78,-0.78
-7.77,5.07,-1.08, 0.95,-0.57,-0.51
-7.86,4.20,-0.87, 0.81,-0.43,-0.29
-8.01,3.82,-0.62, 0.83,-0.28,-0.30
-7.55,4.24,-0.48, 0.89,-0.34,-0.23
-6.79,4.27,-1.10, 1.03,-0.39,-0.17
-6.94,5.61,-0.91, 0.79,-0.19,-0.20
-7.22,5.99,-0.76, 0.18,-0.09,-0.14
-7.35,5.61,-0.80, 0.24,0.01,0.02
-7.38,6.62,-0.18, -0.07,0.12,0.11
-6.93,6.31,-0.85, -0.28,0.16,0.35
-7.54,6.12,-0.60, -0.38,0.42,0.50
-8.83,5.83,-0.76, -0.94,0.47,0.48
-10.82,3.84,-2.17, -0.81,0.41,0.47
-11.77,4.34,-1.79, -0.58,0.55,0.18
-10.80,5.86,-2.12, -0.98,0.37,0.00
-9.57,5.64,-2.90, -1.14,0.34,0.30
-9.15,4.67,-2.81, -1.18,0.65,0.50
-9.01,4.04,-2.04, -1.43,0.76,0.44
-8.49,3.61,-1.89, -1.24,0.59,0.43
-7.80,4.04,-1.90, -0.93,0.44,0.50
-7.03,3.93,-2.10, -0.61,0.41,0.74
-7.00,3.67,-1.77, -0.33,0.43,0.75
-7.17,3.48,-1.51, -0.36,0.37,0.57
-7.02,3.67,-1.44, -0.36,0.21,0.41
-7.11,3.82,-1.38, -0.18,0.19,0.30
-7.87,4.13,-0.95, 0.04,0.01,0.20
-7.96,5.01,-1.22, -0.04,-0.22,0.10
-8.66,3.96,-1.85, 0.07,-0.22,0.02
-10.15,3.97,-1.39, 0.75,-0.27,-0.24
-9.76,6.26,-1.33, 0.85,-0.57,-0.44
-8.14,7.16,-2.01, 0.46,-0.48,-0.34
-8.81,5.82,-1.03, 0.22,-0.16,-0.21
-9.35,5.07,-0.31, -0.20,-0.27,-0.28
-8.56,3.94,-1.20, -0.15,-0.34,-0.26
-7.69,3.93,-1.19, 0.48,-0.22,-0.12
-6.85,3.99,-1.01, 0.37,-0.19,-0.18
-6.47,3.50,-1.08, 0.16,-0.13,-0.30
-6.66,3.53,-0.84, 0.27,-0.12,-0.36
-6.70,3.73,-0.93, 0.40,-0.20,-0.33
-6.95,3.40,-1.17, 0.55,-0.25,-0.40
-7.02,4.13,-1.38, 0.50,-0.23,-0.54
-7.03,5.34,-1.54, 0.21,-0.14,-0.54
-7.24,5.52,-1.38, 0.06,0.08,-0.40
-7.69,5.41,-0.99, 0.17,0.09,-0.22
-7.91,5.14,-1.40, 0.38,0.03,-0.06
-8.24,5.07,-2.03, 0.76,0.19,0.15
-10.01,4.26,-1.93, 1.06,0.19,0.14
-11.71,5.04,-1.54, 0.91,0.10,-0.14
-11.37,6.87,-1.53, 0.08,-0.11,-0.29
-10.39,6.84,-2.28, -0.26,-0.17,0.06
-10.88,5.30,-2.24, -0.08,0.11,0.44
-10.78,5.31,-1.35, -0.29,0.14,0.60
-9.63,4.58,-1.49, -0.48,0.01,0.78
-8.25,3.63,-1.50, -0.29,0.01,0.97
-7.64,2.96,-1.26, -0.10,-0.00,1.01
-7.31,2.20,-1.15, -0.04,-0.03,0.88
-7.17,1.82,-0.92, 0.04,-0.13,0.61
-7.43,1.75,-0.83, 0.10,-0.31,0.31
-7.66,1.17,-1.29, 0.43,-0.51,0.08
-7.57,1.83,-1.97, 1.01,-0.64,-0.11
-7.60,2.35,-2.30, 1.12,-0.54,-0.34
-8.67,3.34,-1.60, 0.97,-0.53,-0.66
-9.71,4.77,-1.23, 0.34,-0.63,-0.97
-10.97,3.90,-1.80, 0.20,-0.70,-1.03
-11.96,3.71,-1.57, 0.87,-0.80,-0.98
-10.78,5.79,-1.44, 1.06,-0.94,-0.95
-8.42,6.92,-2.23, 1.12,-0.80,-0.48
-7.99,6.20,-1.50, 0.94,-0.39,0.03
-8.50,4.14,-0.53, 0.58,-0.12,0.07
-7.86,3.87,-0.24, 0.58,-0.20,-0.03
-6.94,4.46,-0.44, 0.57,-0.29,-0.02
-6.79,4.34,-0.61, 0.36,-0.24,-0.01
-7.14,4.06,-0.65, 0.17,-0.13,-0.07
-7.49,4.12,-0.35, 0.12,-0.02,-0.07
-7.54,4.29,-0.12, 0.18,-0.03,-0.06
-7.11,4.74,-0.57, 0.16,0.05,-0.02
-7.16,5.20,-0.59, -0.13,0.26,-0.02
-7.95,5.41,-0.50, -0.56,0.33,-0.02
-9.34,4.21,-1.32, -0.63,0.37,0.06
-11.59,3.41,-1.46, -0.40,0.46,-0.10
-12.07,5.02,-0.82, -0.79,0.43,-0.39
-10.86,6.06,-1.26, -1.18,0.19,-0.23
-10.22,5.20,-1.66, -1.17,0.18,0.26
-9.74,4.02,-1.56, -0.94,0.25,0.61
-9.69,3.14,-1.33, -0.83,0.17,0.71
-9.08,2.70,-1.50, -0.64,0.00,0.73
-8.00,2.53,-1.93, -0.33,-0.06,0.77
-7.50,2.57,-1.74, -0.10,0.00,0.79
-7.52,2.15,-1.43, -0.19,0.01,0.67
-7.40,1.50,-1.49, -0.18,-0.05,0.44
-7.22,1.28,-1.41, 0.03,-0.09,0.21
-7.63,1.47,-1.30, 0.29,-0.17,-0.08
-8.61,2.61,-1.25, 0.23,-0.33,-0.36
-9.24,3.04,-1.69, 0.12,-0.43,-0.54
-10.60,2.38,-2.06, 0.37,-0.44,-0.63
-12.26,2.59,-1.72, 0.63,-0.48,-0.93
-11.06,4.54,-1.69, 0.46,-0.50,-1.08
-9.00,6.28,-1.42, 0.17,-0.20,-0.89
-9.17,6.10,-0.04, -0.36,0.04,-0.53
-9.35,4.56,0.20, -0.77,-0.07,-0.26
-9.14,2.83,-0.43, -0.16,-0.14,-0.01
-8.17,3.28,-0.41, 0.78,-0.17,0.26
-6.95,3.63,-0.55, 0.85,-0.17,0.36
-6.39,3.25,-0.66, 0.54,-0.05,0.26
-6.61,3.08,-0.21, 0.09,0.02,0.02
-6.95,2.75,-0.37, -0.06,0.02,-0.18
-7.32,3.40,-0.25, 0.02,0.08,-0.30
-7.41,4.13,-0.24, -0.11,0.15,-0.34
-7.58,4.80,-0.04, -0.40,0.27,-0.30
-8.20,5.10,0.27, -0.75,0.33,-0.20
-9.11,4.40,-0.34, -0.73,0.29,0.09
-11.31,2.29,-1.30, 0.18,0.17,0.35
-12.83,2.63,-0.99, 0.43,0.20,-0.00
-12.11,5.31,-0.72, -0.34,0.04,-0.41
-10.57,6.04,-1.74, -0.71,-0.04,-0.13
-10.45,4.62,-1.76, -0.68,0.10,0.56
-10.65,3.56,-0.78, -0.82,0.22,0.67
-9.47,3.10,-0.93, -0.65,-0.01,0.82
-8.51,2.91,-1.24, -0.24,-0.09,1.05
-8.29,2.51,-1.12, 0.03,-0.06,1.20
-7.99,2.02,-1.00, 0.12,-0.16,1.25
-7.74,1.08,-1.11, 0.30,-0.26,1.15
-7.40,0.92,-1.13, 0.45,-0.27,0.76
-7.53,1.15,-1.11, 0.50,-0.38,0.43
-8.12,1.75,-1.17, 0.62,-0.51,0.13
-8.58,2.27,-1.24, 0.55,-0.59,-0.14
-9.17,1.58,-1.90, 0.81,-0.68,-0.29
-11.07,1.30,-1.68, 1.20,-0.67,-0.68
-11.84,2.48,-1.32, 1.09,-0.70,-1.23
-10.57,4.72,-1.29, 0.84,-0.71,-1.40
-9.29,5.84,-1.14, 0.71,-0.39,-1.15
-9.09,5.64,-0.33, 0.36,-0.15,-0.74
-9.28,3.92,-0.39, 0.42,-0.16,-0.43
-8.63,3.52,-0.15, 0.83,-0.08,-0.32
-7.37,4.30,0.07, 0.90,-0.19,-0.26
-6.68,4.34,-0.29, 0.76,-0.21,-0.15
-6.96,4.14,-0.07, 0.50,-0.08,-0.15
-7.32,4.13,0.03, 0.41,-0.04,-0.12
-7.43,4.38,-0.01, 0.50,-0.02,0.01
-7.50,4.65,-0.17, 0.46,0.06,0.16
-8.10,4.58,-0.21, 0.20,0.18,0.27
-8.98,4.41,0.03, -0.05,0.27,0.35
-10.01,3.00,-0.64, -0.00,0.22,0.54
-11.69,1.55,-1.39, 0.66,0.15,0.57
-12.11,2.88,-0.51, 0.50,0.20,0.14
-10.67,4.15,-1.07, -0.16,0.09,-0.23
-10.25,3.78,-1.55, -0.13,-0.05,0.21
-10.77,2.37,-1.53, 0.21,-0.02,0.68
-11.03,1.81,-1.17, 0.43,-0.05,0.70
-9.84,1.93,-1.60, 0.49,-0.20,0.72
-8.57,1.94,-1.76, 0.64,-0.13,0.72
-8.33,1.76,-1.19, 0.49,-0.12,0.76
-8.45,0.63,-1.21, 0.47,-0.26,0.55
-8.37,0.06,-1.35, 0.63,-0.45,0.25
-8.73,0.08,-1.58, 1.00,-0.68,-0.06
-9.07,0.96,-2.03, 1.33,-0.87,-0.27
-9.38,1.56,-2.41, 1.57,-1.02,-0.37
-9.47,2.12,-2.54, 1.55,-1.02,-0.46
-9.83,2.78,-1.92, 1.21,-0.77,-0.56
-10.81,2.48,-1.36, 1.14,-0.93,-0.51
-11.21,1.84,-1.81, 1.50,-1.27,-0.39
-10.23,1.40,-2.79, 2.17,-1.36,-0.24
-9.32,1.65,-3.27, 3.02,-1.24,-0.05
-8.78,2.92,-2.72, 3.09,-1.11,0.02
-8.09,3.58,-2.26, 2.39,-1.00,-0.03
-7.93,2.99,-1.93, 1.84,-0.72,-0.07
-8.95,2.74,-0.91, 1.62,-0.48,-0.23
-9.10,2.99,-0.48, 1.60,-0.60,-0.22
-8.43,2.76,-1.19, 2.04,-0.68,-0.01
-8.18,3.25,-0.69, 2.41,-0.49,0.15
-8.14,3.16,-0.27, 2.26,-0.54,0.20
-8.10,2.50,-0.71, 2.17,-0.59,0.15
-8.15,2.47,-0.93, 2.19,-0.53,-0.02
-8.11,3.03,-1.14, 2.11,-0.43,-0.16
-8.14,3.34,-1.33, 2.18,-0.36,-0.18
-7.84,4.15,-1.03, 2.01,-0.20,-0.22
-8.04,4.31,-0.80, 1.68,-0.11,-0.20
-8.88,3.53,-1.15, 1.79,-0.16,-0.17
-8.96,4.47,-1.03, 1.73,-0.08,-0.27
-8.73,5.07,-1.24, 1.26,-0.17,-0.26
-9.02,4.94,-1.76, 1.32,-0.09,0.01
-10.55,4.64,-1.25, 1.15,0.03,0.08
-10.87,4.92,-1.09, 0.60,-0.07,0.02
-10.18,4.48,-1.93, 0.54,-0.12,0.24
-9.97,4.30,-1.74, 0.87,0.02,0.50
-9.45,4.42,-1.39, 0.70,0.07,0.64
-8.61,3.85,-1.59, 0.53,0.13,0.77
-8.46,3.15,-0.99, 0.45,0.25,0.78
-8.59,2.52,-0.49, 0.32,0.12,0.65
-8.77,1.96,-0.58, 0.30,-0.08,0.45
-9.15,1.82,-0.86, 0.48,-0.23,0.27
-9.35,2.33,-1.27, 0.64,-0.41,0.16
-8.99,2.72,-1.49, 0.62,-0.42,0.14
-9.29,2.77,-0.97, 0.44,-0.35,0.06
-10.15,2.89,-0.26, 0.15,-0.49,-0.04
-10.89,1.66,-0.89, 0.36,-0.80,-0.02
-11.03,1.24,-1.70, 1.04,-0.97,-0.02
-10.35,2.24,-1.92, 1.35,-0.86,-0.16
-8.95,4.24,-1.46, 1.09,-0.68,-0.19
-8.02,4.67,-1.01, 0.40,-0.51,0.04
-7.75,2.69,-1.02, 0.40,-0.29,0.31
-7.88,1.70,-0.22, 1.02,-0.08,0.35
-7.71,2.18,0.60, 1.06,-0.21,0.15
-6.94,2.56,0.03, 0.84,-0.42,-0.12
-6.76,3.08,-0.31, 0.62,-0.23,-0.31
-7.52,3.31,0.30, 0.51,-0.12,-0.37
-7.63,3.53,0.06, 0.55,-0.12,-0.39
-7.74,4.22,0.27, 0.39,0.03,-0.43
-7.88,4.57,0.11, 0.16,0.05,-0.40
-8.33,4.60,-0.22, -0.08,0.17,-0.34
-9.72,3.98,-0.51, -0.12,0.25,-0.17
-11.90,3.08,-0.89, 0.08,0.26,-0.26
-12.10,4.79,-0.29, -0.57,0.32,-0.57
-10.89,5.36,-1.10, -1.11,0.18,-0.58
-10.41,5.37,-0.82, -1.29,0.32,-0.10
-10.53,4.18,-0.36, -1.37,0.22,0.26
-10.34,2.88,-0.91, -1.13,-0.09,0.52
-9.55,2.50,-1.49, -0.72,-0.16,0.66
-8.68,2.57,-1.81, -0.34,-0.12,0.84
-8.26,2.55,-1.86, -0.05,-0.10,1.07
-8.22,2.04,-1.81, -0.07,-0.02,1.11
-8.19,1.39,-1.63, -0.24,-0.02,1.01
-8.01,0.59,-1.65, -0.24,-0.10,0.80
-8.20,0.22,-1.47, 0.04,-0.08,0.50
-8.99,0.50,-0.97, 0.18,-0.19,0.15
-9.52,0.86,-1.05, 0.18,-0.37,-0.21
-10.93,0.46,-1.28, 0.27,-0.49,-0.44
-11.84,0.54,-1.51, 0.73,-0.54,-0.76
-10.49,3.15,-1.04, 0.70,-0.36,-1.07
-9.63,5.09,-0.17, 0.14,-0.12,-1.03
-9.38,5.14,0.37, -0.27,-0.10,-0.56
-8.83,2.85,-0.28, 0.19,-0.21,-0.04
-8.54,2.50,0.03, 0.83,0.00,0.16
-7.76,2.81,0.27, 0.87,-0.05,0.06
-6.96,2.98,0.20, 0.57,-0.09,-0.10
-6.87,2.96,0.24, 0.26,-0.09,-0.33
-7.02,3.31,-0.15, -0.01,-0.08,-0.52
-7.58,3.54,-0.26, -0.02,0.02,-0.54
-7.79,4.22,-0.06, -0.09,0.14,-0.51
-7.88,4.79,-0.04, -0.41,0.23,-0.42
-8.54,5.08,0.13, -0.78,0.32,-0.27
-9.48,4.63,-0.18, -1.04,0.32,-0.01
-11.41,2.66,-1.33, -0.70,0.27,0.34
-12.79,2.23,-1.23, -0.37,0.42,0.26
-12.43,3.95,-0.21, -0.95,0.48,-0.09
-11.07,4.50,-0.52, -1.29,0.21,0.04
-10.63,3.55,-0.89, -1.10,0.07,0.55
-10.52,2.73,-0.62, -1.12,-0.00,0.65
-9.94,2.09,-1.33, -0.77,-0.21,0.76
-8.94,2.14,-1.87, -0.13,-0.23,1.00
-8.06,2.24,-2.11, 0.22,-0.14,1.18
-7.99,2.02,-1.76, 0.10,0.03,1.18
-8.04,1.37,-1.41, -0.22,0.02,1.03
-7.77,0.57,-1.47, -0.31,-0.07,0.79
-7.22,0.09,-1.56, -0.01,-0.04,0.48
-7.90,0.58,-0.77, 0.22,0.03,0.08
-8.71,1.17,-0.20, 0.18,-0.17,-0.24
-8.83,0.94,-0.90, 0.35,-0.46,-0.43
-10.74,-0.25,-1.33, 0.78,-0.47,-0.68
-12.84,0.85,-0.60, 0.88,-0.47,-1.41
-11.33,4.80,-0.56, 0.09,-0.60,-2.02
-9.33,5.82,-1.66, -0.13,-0.34,-1.42
-10.21,4.74,-0.86, 0.33,0.10,-0.50
-10.03,3.83,-0.25, 0.16,0.12,-0.23
-8.53,3.00,-0.86, 0.46,0.08,-0.03
-7.45,3.43,-0.46, 0.69,0.22,0.07
-7.23,3.69,0.28, 0.28,0.19,0.01
-7.02,3.16,0.08, -0.11,0.07,-0.16
-7.37,3.22,-0.19, -0.06,0.08,-0.24
-8.03,3.65,-0.10, -0.03,0.10,-0.24
-8.07,4.14,-0.25, -0.14,0.13,-0.21
-8.21,4.58,-0.23, -0.44,0.24,-0.14
-8.94,4.45,0.07, -0.85,0.34,-0.07
-9.64,4.49,0.01, -1.16,0.27,0.04
-10.65,2.60,-1.51, -0.91,0.17,0.35
-11.76,1.96,-1.77, -0.32,0.35,0.43
-12.15,2.54,-1.16, -0.39,0.34,0.21
-11.59,3.86,-1.07, -1.04,0.19,0.03
-11.11,3.63,-1.42, -1.31,0.09,0.17
-10.61,2.85,-1.59, -1.23,-0.01,0.41
-9.96,2.19,-2.01, -0.88,-0.10,0.59
-8.53,2.29,-2.42, -0.48,-0.05,0.80
-7.85,2.32,-2.38, -0.23,0.10,0.98
-7.81,1.87,-1.83, -0.32,0.16,1.02
-7.60,1.40,-1.71, -0.52,0.08,0.88
-7.36,0.39,-1.89, -0.43,0.03,0.71
-7.27,-0.17,-1.86, 0.01,0.02,0.46
-7.54,0.40,-1.37, 0.22,0.01,0.01
-8.15,1.02,-1.30, 0.21,-0.18,-0.34
-9.03,1.47,-1.40, 0.27,-0.25,-0.59
-9.48,1.71,-1.62, 0.43,-0.24,-0.71
-11.62,0.73,-1.70, 0.94,-0.27,-0.81
-12.60,1.71,-1.14, 0.97,-0.30,-1.21
-11.69,4.52,-0.59, 0.23,-0.28,-1.69
-10.19,6.79,-0.30, -0.58,-0.18,-1.54
-9.84,6.24,-0.45, -0.64,-0.18,-0.64
-9.73,4.11,-1.07, 0.03,-0.08,0.13
-9.23,3.51,-0.94, 0.43,0.05,0.48
-7.99,3.39,-0.79, 0.40,0.09,0.56
-7.37,3.25,-0.62, 0.19,0.17,0.50
-7.41,2.94,-0.35, -0.16,0.12,0.39
-7.38,2.50,-0.67, -0.30,0.07,0.23
-7.52,2.56,-0.71, -0.16,0.11,0.20
-7.58,2.88,-0.64, -0.14,0.16,0.14
-7.48,3.49,-0.68, -0.48,0.23,0.06
-8.02,3.44,-0.51, -0.77,0.32,0.05
-8.76,3.34,-0.30, -0.82,0.26,0.17
-9.57,2.37,-1.14, -0.55,0.24,0.25
-11.72,1.51,-1.40, -0.10,0.28,0.24
-12.82,2.65,-0.77, -0.31,0.35,-0.25
-11.05,4.67,-0.79, -1.04,0.17,-0.45
-10.07,4.12,-1.60, -1.02,0.06,0.17
-10.50,2.39,-1.34, -0.43,0.13,0.58
-10.26,1.75,-1.21, -0.39,0.08,0.46
-9.23,2.09,-1.55, -0.35,-0.03,0.35
-8.43,2.55,-1.78, -0.15,-0.14,0.48
-8.05,2.41,-1.91, -0.09,-0.08,0.61
-7.95,1.94,-1.72, -0.08,0.00,0.64
-7.82,1.30,-1.50, -0.01,-0.06,0.61
-7.57,0.78,-1.45, 0.25,-0.09,0.47
-8.10,0.48,-1.28, 0.53,-0.17,0.20
-8.77,1.08,-1.16, 0.53,-0.40,-0.11
-9.02,1.40,-1.93, 0.60,-0.52,-0.29
-10.38,0.71,-2.18, 0.87,-0.51,-0.38
-11.35,1.29,-1.85, 1.00,-0.47,-0.70
-11.27,1.99,-2.07, 0.90,-0.48,-0.85
-10.34,3.51,-2.03, 1.21,-0.40,-0.75
-9.90,5.00,-0.93, 0.79,-0.08,-0.60
-9.15,4.38,-0.76, 0.64,-0.00,-0.14
-9.20,3.44,-0.27, 0.97,0.13,0.21
-8.60,3.18,0.16, 0.88,0.09,0.21
-7.48,3.19,-0.10, 0.74,-0.01,0.22
-7.31,2.64,-0.20, 0.86,-0.06,0.30
-7.78,2.51,0.07, 0.93,-0.12,0.24
-7.96,2.52,-0.43, 0.90,-0.24,0.13
-7.86,3.01,-0.74, 0.93,-0.16,0.08
-7.90,3.48,-0.59, 0.68,-0.04,0.04
-8.22,3.57,-0.47, 0.32,0.11,-0.02
-8.88,3.72,-0.03, 0.08,0.18,-0.01
-10.55,2.81,-0.26, 0.09,0.06,0.14
-12.56,1.83,-0.43, 0.54,-0.16,0.14
-11.74,2.88,-0.62, 0.48,-0.33,0.00
-9.96,3.39,-1.89, 0.70,-0.44,0.10
-10.07,3.07,-2.26, 1.07,-0.37,0.76
-10.93,2.10,-1.74, 0.92,-0.34,0.83
-10.40,1.46,-2.12, 0.73,-0.47,0.74
-9.35,1.36,-2.40, 0.98,-0.36,0.74
-8.58,1.80,-1.89, 1.09,-0.24,0.76
-8.16,1.69,-1.31, 0.83,-0.28,0.68
-8.20,0.74,-1.23, 0.66,-0.42,0.49
-8.71,-0.03,-1.19, 0.86,-0.58,0.25
-9.10,-0.03,-1.25, 1.30,-0.85,-0.00
-9.43,0.17,-1.86, 1.74,-1.18,-0.14
-9.78,0.54,-2.51, 2.12,-1.40,-0.23
-10.09,0.38,-3.46, 2.54,-1.57,-0.26
-10.30,0.16,-4.38, 2.94,-1.60,-0.32
-10.39,1.05,-4.31, 3.00,-1.35,-0.57
-9.88,2.61,-3.87, 2.56,-1.16,-0.68
-9.31,2.62,-3.71, 2.39,-1.01,-0.56
-8.65,2.92,-3.02, 2.18,-0.65,-0.49
-8.45,2.76,-2.17, 2.08,-0.38,-0.47
-9.18,3.48,-1.14, 1.94,-0.29,-0.45
-9.76,2.97,-1.05, 1.79,-0.42,-0.39
-8.46,3.35,-1.72, 2.12,-0.41,-0.21
-7.87,3.78,-1.13, 2.24,-0.10,0.01
-7.96,3.81,-0.34, 1.93,-0.08,0.07
-8.23,3.20,-0.34, 1.69,-0.10,0.08
-8.63,2.94,-0.30, 2.00,-0.19,0.20
-8.59,3.15,-0.64, 2.32,-0.31,0.33
-8.38,3.39,-1.09, 2.29,-0.30,0.37
-8.17,3.30,-1.35, 2.09,-0.15,0.33
-7.93,3.38,-1.44, 2.07,0.03,0.33
-9.41,3.02,-1.49, 2.23,0.14,0.27
-9.51,4.69,-0.61, 1.78,0.14,0.02
-8.94,5.30,-1.40, 1.33,-0.12,0.08
-9.49,4.69,-2.13, 1.49,0.02,0.49
-10.54,5.07,-1.17, 1.46,0.20,0.57
-10.17,4.69,-1.38, 1.03,-0.06,0.66
-9.86,3.74,-2.08, 1.09,-0.07,0.76
-9.47,3.82,-1.98, 1.14,-0.04,0.76
-8.67,3.81,-2.06, 0.92,-0.08,0.75
-8.03,3.23,-2.12, 0.85,-0.03,0.77
-8.03,2.94,-1.53, 0.69,0.02,0.62
-8.04,2.61,-1.39, 0.35,-0.13,0.38
-7.98,1.97,-1.75, 0.37,-0.22,0.19
-8.57,1.79,-1.56, 0.55,-0.29,0.00
-8.75,2.09,-1.67, 0.60,-0.43,-0.25
-8.89,2.39,-1.82, 0.48,-0.50,-0.46
-9.41,3.00,-1.56, 0.37,-0.50,-0.67
-10.76,4.07,-0.71, -0.17,-0.59,-0.83
-12.26,2.81,-1.64, -0.12,-0.94,-0.72
-11.97,2.51,-2.73, 0.52,-0.99,-0.57
-9.85,4.15,-2.81, 0.85,-0.69,-0.41
-8.86,5.86,-1.85, 0.73,-0.25,-0.04
-9.17,5.65,-0.95, -0.04,-0.17,0.35
-9.04,3.23,-1.30, -0.35,-0.08,0.66
-8.19,1.87,-1.23, 0.36,0.17,0.85
-7.44,2.78,-0.17, 0.49,0.25,0.81
-6.89,2.79,-0.12, -0.14,0.10,0.58
-6.71,2.29,-0.53, -0.42,0.17,0.40
-7.07,2.13,-0.32, -0.28,0.33,0.32
-7.72,2.36,-0.08, -0.11,0.32,0.21
-7.92,3.44,-0.34, -0.40,0.26,0.04
-7.93,4.47,-0.95, -0.82,0.33,-0.05
-8.04,5.60,-1.38, -1.21,0.53,0.11
-9.09,5.96,-1.42, -1.37,0.65,0.38
-10.65,4.05,-2.70, -1.03,0.50,0.87
-10.93,3.04,-3.28, -0.15,0.72,0.90
-10.69,4.71,-2.42, 0.13,0.96,0.61
-10.41,5.77,-2.04, -0.58,0.71,0.41
-9.79,4.35,-2.77, -0.74,0.56,0.57
-9.15,3.36,-2.64, -0.48,0.61,0.56
-8.39,3.29,-2.25, -0.19,0.55,0.49
-7.54,3.74,-2.25, 0.02,0.44,0.52
-7.04,3.86,-2.22, 0.08,0.31,0.68
-7.08,3.58,-2.07, -0.16,0.28,0.61
-7.13,3.25,-2.04, -0.37,0.18,0.49
-7.03,3.23,-1.92, -0.24,0.07,0.39
-7.12,3.85,-1.77, 0.02,-0.12,0.30
-7.16,4.16,-2.03, 0.19,-0.44,0.30
-7.13,4.14,-2.58, 0.36,-0.69,0.19
-7.82,5.04,-3.10, 0.56,-0.86,0.01
-8.00,6.36,-3.68, 0.54,-0.96,-0.02
-8.60,7.39,-3.68, 0.38,-0.76,0.17
-9.95,6.33,-4.01, 0.60,-0.42,0.40
-11.01,6.85,-3.34, 0.88,-0.38,0.47
-10.39,7.96,-3.18, 0.98,-0.68,0.49
-8.36,7.94,-3.90, 0.88,-0.40,0.90
-8.35,7.09,-2.66, 0.82,0.10,1.09
-7.88,5.58,-1.23, 0.25,0.17,1.03
-6.57,4.82,-0.79, 0.41,0.08,1.00
-5.41,5.09,-0.95, 0.87,-0.25,1.12
-4.23,4.98,-1.49, 0.98,-0.26,1.09
-4.07,5.56,-1.81, 1.04,-0.11,1.03
-4.30,5.85,-2.00, 1.18,0.09,1.19
-4.86,6.64,-1.82, 1.23,0.02,0.96
-4.42,7.54,-2.96, 1.13,0.02,1.12
-4.14,7.18,-3.64, 1.30,0.19,1.22
-3.90,7.50,-4.04, 1.37,0.39,1.22
-4.40,8.26,-4.93, 1.54,0.65,1.43
-4.63,8.14,-5.17, 1.18,0.79,1.42
-5.37,6.46,-5.50, 1.04,0.63,1.27
-6.26,7.77,-6.03, 0.84,0.00,1.05
-5.38,8.17,-7.38, -0.16,-0.60,0.77
-3.86,5.33,-7.73, 0.16,-0.31,0.80
-4.58,6.15,-5.04, 0.56,-0.31,0.57
-4.23,6.51,-5.29, 0.25,-0.96,0.47
-4.10,5.99,-6.35, 0.36,-1.20,0.44
-3.73,6.21,-6.24, 0.46,-1.13,0.23
-2.45,6.47,-7.54, 0.65,-0.79,0.82
-2.82,6.61,-6.62, 1.03,-0.32,0.96
-3.06,7.05,-5.26, 0.63,-0.39,1.00
-3.01,5.84,-6.38, 0.57,-0.76,1.22
-2.79,5.79,-7.01, 0.83,-0.67,1.34
-3.19,5.95,-7.04, 0.74,-0.67,1.44
-2.79,6.12,-7.69, 0.54,-0.81,1.42
-2.21,6.06,-7.94, 0.22,-0.58,1.29
-2.22,5.93,-6.64, 0.65,-0.37,1.33
-4.30,6.79,-6.40, 0.34,-0.68,1.32
-4.04,6.99,-8.77, 0.17,-1.66,1.48
-1.61,5.64,-10.64, 0.71,-1.04,1.63
-2.17,6.09,-7.50, 0.71,-0.24,1.33
-2.18,6.69,-5.97, -0.00,-0.72,1.09
-1.74,6.94,-7.75, 0.27,-0.84,1.20
-2.16,7.00,-7.01, 0.42,-0.67,1.26
-1.50,6.88,-6.84, 0.01,-0.77,1.37
-1.29,6.33,-6.25, -0.04,-0.70,1.14
-1.10,6.72,-4.97, -0.53,-0.85,0.83
-0.12,6.66,-5.98, -0.69,-0.95,0.70
-0.74,5.79,-6.59, 0.15,-0.21,0.37
-0.67,8.52,-5.91, -1.07,-0.03,-0.04
-1.07,6.05,-5.55, -1.28,-0.32,-0.00
-1.36,8.02,-3.91, 0.30,-0.13,0.28
-1.46,11.55,-2.13, -0.79,-0.57,0.81
-0.49,7.21,-5.48, -2.19,-0.84,0.45
0.81,5.36,-7.82, -0.93,-0.05,0.11
-0.09,6.33,-6.77, 0.10,0.00,0.41
-0.82,7.60,-5.91, 0.25,0.08,0.19
-1.99,8.03,-5.19, -0.35,-0.11,-0.15
-1.22,7.31,-8.20, 0.05,-0.46,-0.09
-1.48,8.48,-5.91, 0.44,-0.31,0.18
-1.37,6.83,-4.83, 0.18,-0.29,0.13
-1.41,5.57,-5.07, 0.21,-0.48,0.09
-1.24,6.87,-5.99, 0.08,-0.57,0.04
-1.44,6.30,-7.10, 0.13,-0.27,-0.07
-1.78,6.57,-6.07, 0.27,-0.33,-0.05
-1.29,7.00,-7.04, 0.19,-0.28,-0.08
-1.70,5.74,-7.03, 0.32,-0.32,0.00
-1.78,7.26,-6.86, 0.23,-0.27,0.01
-2.11,6.91,-7.62, -0.14,-0.13,-0.10
-2.09,7.31,-7.79, 0.18,-0.10,0.09
-2.45,8.19,-7.71, -0.09,-0.01,0.01
-2.57,8.13,-7.53, -0.21,-0.05,0.03
-2.24,7.67,-7.79, -0.11,-0.06,0.14
-2.35,7.82,-7.29, -0.19,0.02,0.07
-2.10,6.90,-7.78, 0.07,-0.12,0.19
-2.40,7.62,-7.13, 0.07,-0.05,0.12
-2.48,6.87,-7.48, 0.25,-0.05,0.20
-2.80,7.14,-6.09, 0.28,-0.14,0.16
-2.51,7.22,-6.76, 0.03,-0.15,0.06
-2.71,8.08,-7.13, 0.32,-0.14,0.24
-2.58,8.27,-6.05, 0.21,-0.14,0.11
-2.26,7.98,-6.04, 0.02,-0.12,0.11
-2.04,7.82,-6.57, 0.14,-0.11,0.14
-2.13,7.69,-6.12, -0.02,-0.15,0.05
-1.75,7.34,-6.39, -0.20,-0.09,-0.04
-1.91,7.38,-6.22, -0.05,-0.08,0.04
-1.84,7.21,-6.41, -0.12,-0.08,-0.09
-1.87,7.20,-6.75, -0.19,0.03,-0.11
-1.96,6.92,-6.66, 0.08,-0.16,0.02
-1.77,10.12,-6.44, -0.43,-0.05,-0.09
-2.16,7.73,-5.64, -0.32,-0.24,0.09
-2.06,5.22,-5.93, -0.57,-0.28,-0.17
-2.22,8.27,-6.90, -0.32,-0.55,-0.03
-0.79,5.34,-9.18, -0.75,-0.52,-0.37
-3.29,8.49,-5.57, -0.20,-0.30,0.11
-2.84,7.69,-5.49, -0.22,-0.21,-0.09
-2.45,7.76,-6.14, -0.28,-0.41,-0.06
-2.99,8.15,-5.02, -0.38,-0.41,-0.06
-3.19,6.62,-4.73, -0.91,-0.93,-0.24
-3.72,8.05,-4.86, -1.06,-0.78,-0.31
-2.79,7.23,-7.23, -1.14,-0.66,-0.50
-3.38,8.19,-4.59, 0.34,-0.16,-0.02
-4.68,8.73,-1.80, -0.37,-0.62,-0.18
-2.92,8.37,-5.07, -0.34,-0.51,-0.13
-3.70,8.66,-3.78, 0.04,-0.17,-0.01
-2.88,8.29,-5.16, 0.37,0.15,-0.02
-3.09,8.81,-4.19, -0.59,-0.05,-0.33
-3.50,8.79,-3.81, -0.35,-0.01,-0.12
-3.92,8.30,-4.34, -0.40,-0.02,-0.04
-3.73,8.46,-4.52, -0.15,0.03,0.05
-4.06,8.42,-3.19, -0.03,0.03,0.07
-3.79,8.65,-3.17, -0.26,0.01,0.10
-3.81,7.31,-3.87, -0.22,-0.01,0.09
-3.69,7.47,-3.90, 0.01,-0.03,0.06
-3.71,9.16,-2.98, -0.07,-0.10,0.09
-3.84,6.63,-3.63, -0.38,-0.18,-0.09
-3.87,9.40,-3.29, 0.09,-0.37,0.06
-3.63,9.22,-3.36, -0.15,-0.14,0.02
-4.14,7.84,-2.69, -0.08,-0.22,-0.09
-4.91,8.18,-1.96, -0.51,-0.66,-0.19
-3.49,7.45,-3.23, -0.34,-0.54,-0.19
-4.08,8.15,-2.48, -0.22,-0.49,-0.25
-3.64,8.42,-3.34, -0.45,-0.57,-0.19
-4.01,8.87,-2.52, -0.04,-0.12,-0.07
-4.27,8.33,-2.29, -0.18,-0.13,-0.12
-4.02,8.09,-3.23, -0.04,0.01,-0.01
-4.28,8.01,-2.68, 0.48,0.24,0.16
-4.66,8.82,-1.88, 0.05,0.09,0.03
-4.52,8.17,-2.78, -0.24,-0.00,-0.03
-4.30,7.94,-2.84, -0.02,0.01,-0.06
-4.39,8.56,-2.08, -0.18,-0.04,-0.10
-4.23,8.83,-3.48, -0.06,0.10,0.05
-4.67,8.11,-2.48, -0.05,0.07,0.03
-4.63,8.45,-2.45, -0.12,0.01,-0.00
-4.52,8.16,-2.56, -0.18,-0.08,-0.02
-4.45,8.38,-2.66, -0.22,-0.09,-0.09
-4.51,8.65,-2.31, -0.24,-0.08,-0.08
-4.57,8.35,-2.16, -0.36,-0.10,-0.08
-4.70,8.39,-1.98, -0.42,-0.15,-0.12
-4.71,8.31,-2.13, -0.49,-0.17,-0.13
-4.70,8.19,-2.15, -0.52,-0.12,-0.20
-4.72,7.88,-1.95, -0.28,-0.06,-0.12
-4.93,8.24,-1.56, -0.26,0.02,-0.15
-4.84,8.52,-1.97, -0.48,-0.08,-0.20
-4.97,7.59,-1.81, -0.29,-0.10,-0.22
-5.30,7.98,-1.22, -0.25,-0.04,-0.42
-4.88,8.25,-1.63, -0.34,-0.10,-0.26
-5.26,7.66,-1.44, -0.19,0.03,-0.26
-5.29,7.99,-1.09, -0.35,0.07,-0.39
-5.38,8.12,-1.37, -0.24,0.10,-0.16
-5.29,8.04,-1.16, -0.04,0.11,-0.09
-5.22,8.06,-1.00, -0.20,0.06,-0.08
-5.13,7.70,-1.42, -0.11,0.08,-0.02
-5.29,7.89,-1.12, -0.07,0.11,-0.01
